4 5

0.129718133830465 0.370281866169535 0.370281866169535 0.129718133830465 

0.948447049634558 0.0413878660861047 0.00630726099894098 0.0038578232803963 
0.00133111238551136 0.954871903564627 0.0380676076545444 0.00572937639531696 
0.00572937639531696 0.0380676076545444 0.954871903564627 0.00133111238551136 
0.0038578232803963 0.00630726099894098 0.0413878660861047 0.948447049634558 

0.710002464768946 0.0232102295474248 0.262329340438848 0.00445796524478054 
0.648313298820822 0.326116165201869 0.0199337591424124 0.00563677683489683 
0.00563677683489683 0.0199337591424124 0.326116165201869 0.648313298820822 
0.00445796524478054 0.262329340438848 0.0232102295474248 0.710002464768946 

0.93100309641835 0.0257481099342371 0.000869943842919559 0.0423788498044932 
0.0115408124358648 0.973339462366515 0.0150543138504891 6.54113471307578e-05 
6.54113471307578e-05 0.0150543138504891 0.973339462366515 0.0115408124358648 
0.0423788498044932 0.000869943842919559 0.0257481099342371 0.93100309641835 

0.295676626249807 0.0204777184047785 0.40617686707197 0.277668788273444 
0.0937953794275895 0.793930372076855 0.108404349027385 0.00386989946817112 
0.00386989946817112 0.108404349027385 0.793930372076855 0.0937953794275895 
0.277668788273444 0.40617686707197 0.0204777184047785 0.295676626249807 

0.970042938577532 0.00125874566394825 0.00555846752150555 0.0231398482370141 
0.000436574904772779 0.935112721198349 0.0619117074448384 0.00253899645204037 
0.00253899645204037 0.0619117074448384 0.935112721198349 0.000436574904772779 
0.0231398482370141 0.00555846752150555 0.00125874566394825 0.970042938577532 


