4 5

0.39804720506072 0.10195279493928 0.10195279493928 0.39804720506072 

0.977950461141369 0.00522478459443464 0.0138689965963343 0.00295575766786205 
0.020134023928159 0.926016455543211 0.0162814118594064 0.0375681086692235 
0.0375681086692235 0.0162814118594064 0.926016455543211 0.020134023928159 
0.00295575766786205 0.0138689965963343 0.00522478459443464 0.977950461141369 

0.607126875653639 0.0173302749488344 0.320598557611069 0.0549442917864586 
0.0037920112968439 0.524213269563778 0.451550755672467 0.0204439634669108 
0.0204439634669108 0.451550755672467 0.524213269563778 0.0037920112968439 
0.0549442917864586 0.320598557611069 0.0173302749488344 0.607126875653639 

0.950379243497461 0.00308043177703857 0.0414462559743583 0.00509406875114188 
0.0377828909899949 0.952363257564492 0.00657660748756761 0.00327724395794546 
0.00327724395794546 0.00657660748756761 0.952363257564492 0.0377828909899949 
0.00509406875114188 0.0414462559743583 0.00308043177703857 0.950379243497461 

0.296108736922951 0.508763576018262 0.0777543341856442 0.117373352873142 
0.0292516845301072 0.529162247973608 0.286394745725025 0.15519132177126 
0.15519132177126 0.286394745725025 0.529162247973608 0.0292516845301072 
0.117373352873142 0.0777543341856442 0.508763576018262 0.296108736922951 

0.977751499990276 0.00581362489776281 0.00906116611151999 0.0073737090004411 
0.00139201441665134 0.927556416259208 0.0609819834755883 0.0100695858485521 
0.0100695858485521 0.0609819834755883 0.927556416259208 0.00139201441665134 
0.0073737090004411 0.00906116611151999 0.00581362489776281 0.977751499990276 


