4 5

0.0127827045507729 0.487217295449227 0.487217295449227 0.0127827045507729 

0.925975159021917 0.00364794965561409 0.000559106465838028 0.0698177848566312 
0.0053929634758622 0.980085660232306 0.0141734046443175 0.000347971647514058 
0.000347971647514058 0.0141734046443175 0.980085660232306 0.0053929634758622 
0.0698177848566312 0.000559106465838028 0.00364794965561409 0.925975159021917 

0.098133048847292 0.572912757396259 0.321765023036285 0.00718917072016393 
0.0804819954057039 0.575633994913206 0.340107174249776 0.00377683543131369 
0.00377683543131369 0.340107174249776 0.575633994913206 0.0804819954057039 
0.00718917072016393 0.321765023036285 0.572912757396259 0.098133048847292 

0.945944733163666 0.0419257330254305 7.38179144800857e-05 0.012055715896423 
0.035726178199669 0.958222309218695 0.00577317447534215 0.000278338106293709 
0.000278338106293709 0.00577317447534215 0.958222309218695 0.035726178199669 
0.012055715896423 7.38179144800857e-05 0.0419257330254305 0.945944733163666 

0.471164282885551 0.01095409528357 0.0508105317750166 0.467071090055862 
0.0067497946972061 0.737944747997556 0.194002696168316 0.0613027611369217 
0.0613027611369217 0.194002696168316 0.737944747997556 0.0067497946972061 
0.467071090055862 0.0508105317750166 0.01095409528357 0.471164282885551 

0.96796249971578 0.00185947846487849 0.015902451015473 0.0142755708038683 
0.000767490443878267 0.93629823519528 0.0460877048737956 0.0168465694870462 
0.0168465694870462 0.0460877048737956 0.93629823519528 0.000767490443878267 
0.0142755708038683 0.015902451015473 0.00185947846487849 0.96796249971578 


