4 5

0.299450017977506 0.200549982022494 0.200549982022494 0.299450017977506 

0.957023049282255 0.000750420615169197 0.0123321290705362 0.0298944010320395 
0.00393879677057838 0.947132572736313 0.0472551047897292 0.00167352570337955 
0.00167352570337955 0.0472551047897292 0.947132572736313 0.00393879677057838 
0.0298944010320395 0.0123321290705362 0.000750420615169197 0.957023049282255 

0.357604098663642 0.347699483074716 0.025082693883743 0.269613724377899 
0.0562118437451017 0.784028493700663 0.152774194865791 0.00698546768844457 
0.00698546768844457 0.152774194865791 0.784028493700663 0.0562118437451017 
0.269613724377899 0.025082693883743 0.347699483074716 0.357604098663642 

0.971274787284165 0.00281520749405077 0.0057496991430512 0.0201603060787328 
8.55664051212628e-05 0.93410100383365 0.0655189128919721 0.000294516869256733 
0.000294516869256733 0.0655189128919721 0.93410100383365 8.55664051212628e-05 
0.0201603060787328 0.0057496991430512 0.00281520749405077 0.971274787284165 

0.590069155762247 0.0122751214141925 0.00233374294385502 0.395321979879706 
0.00146878029829149 0.557394488935938 0.44053061707268 0.000606113693090004 
0.000606113693090004 0.44053061707268 0.557394488935938 0.00146878029829149 
0.395321979879706 0.00233374294385502 0.0122751214141925 0.590069155762247 

0.951776404584391 0.000330976599489623 3.4425462142646e-05 0.0478581933539762 
0.000484033718587157 0.952504460102087 0.0342874560916642 0.0127240500876614 
0.0127240500876614 0.0342874560916642 0.952504460102087 0.000484033718587157 
0.0478581933539762 3.4425462142646e-05 0.000330976599489623 0.951776404584391 


