4 5

0.329738166183233 0.170261833816767 0.170261833816767 0.329738166183233 

0.986375141578118 0.000390393763427269 0.000893947254013857 0.0123405174044405 
0.0681242975936727 0.917540876365376 0.014049458968271 0.000285367072680467 
0.000285367072680467 0.014049458968271 0.917540876365376 0.0681242975936727 
0.0123405174044405 0.000893947254013857 0.000390393763427269 0.986375141578118 

0.40955951245364 0.156513114442 0.0921288821442843 0.341798490960076 
0.373898641291946 0.335137491180536 0.129855005477941 0.161108862049577 
0.161108862049577 0.129855005477941 0.335137491180536 0.373898641291946 
0.341798490960076 0.0921288821442843 0.156513114442 0.40955951245364 

0.923744665857896 8.12557478932839e-05 0.00653879751515354 0.0696352808790576 
0.00964267770543338 0.982354570953359 0.007743347129269 0.000259404211938804 
0.000259404211938804 0.007743347129269 0.982354570953359 0.00964267770543338 
0.0696352808790576 0.00653879751515354 8.12557478932839e-05 0.923744665857896 

0.862647564532107 0.0058448184360083 0.0285649351895611 0.102942681842324 
0.234840400696291 0.124308620880021 0.11532400652085 0.525526971902838 
0.525526971902838 0.11532400652085 0.124308620880021 0.234840400696291 
0.102942681842324 0.0285649351895611 0.0058448184360083 0.862647564532107 

0.975909355318751 0.0171034200466474 0.00104198353380052 0.00594524110080136 
0.00762990405641489 0.929438724868214 0.0626583231244766 0.000273047950894507 
0.000273047950894507 0.0626583231244766 0.929438724868214 0.00762990405641489 
0.00594524110080136 0.00104198353380052 0.0171034200466474 0.975909355318751 


