4 5

0.490011026035063 0.00998897396493703 0.00998897396493703 0.490011026035063 

0.945079425061452 0.00362588519105202 0.0313177257346383 0.0199769640128573 
4.31780608505655e-06 0.958940702308974 0.00155835315840874 0.0394966267265324 
0.0394966267265324 0.00155835315840874 0.958940702308974 4.31780608505655e-06 
0.0199769640128573 0.0313177257346383 0.00362588519105202 0.945079425061452 

0.772726178616159 0.00667043490335748 0.0219684545540818 0.198634931926402 
0.000954247698175939 0.481726753070506 0.480691464340938 0.03662753489038 
0.03662753489038 0.480691464340938 0.481726753070506 0.000954247698175939 
0.198634931926402 0.0219684545540818 0.00667043490335748 0.772726178616159 

0.929500357873698 0.00052226769440337 0.000974222079130523 0.069003152352768 
0.00299497575316571 0.976310774035966 0.016853786746388 0.00384046346448069 
0.00384046346448069 0.016853786746388 0.976310774035966 0.00299497575316571 
0.069003152352768 0.000974222079130523 0.00052226769440337 0.929500357873698 

0.586674523040663 0.0141224038060124 0.0128470928426399 0.386355980310684 
0.0014293001022995 0.499191239466826 0.498951498671862 0.000427961759011908 
0.000427961759011908 0.498951498671862 0.499191239466826 0.0014293001022995 
0.386355980310684 0.0128470928426399 0.0141224038060124 0.586674523040663 

0.962033881959342 0.00405428534169494 0.0264163034940312 0.00749552920493213 
0.0586273744824386 0.940824684419949 3.86598572198471e-05 0.000509281240392852 
0.000509281240392852 3.86598572198471e-05 0.940824684419949 0.0586273744824386 
0.00749552920493213 0.0264163034940312 0.00405428534169494 0.962033881959342 


