4 5

0.00032425147946924 0.499675748520531 0.499675748520531 0.00032425147946924 

0.916502583650227 0.0019580693647687 0.0409756205406251 0.0405637264443791 
0.000286607178119989 0.988344134244443 0.010233940321876 0.00113531825556093 
0.00113531825556093 0.010233940321876 0.988344134244443 0.000286607178119989 
0.0405637264443791 0.0409756205406251 0.0019580693647687 0.916502583650227 

0.867377054286866 0.00696002719543612 0.00926864512053424 0.116394273397164 
0.645851221938479 0.186806264277562 0.0583126594952417 0.109029854288718 
0.109029854288718 0.0583126594952417 0.186806264277562 0.645851221938479 
0.116394273397164 0.00926864512053424 0.00696002719543612 0.867377054286866 

0.923568115513908 0.00934576861677527 0.0062630563604913 0.0608230595088254 
0.00884557093797685 0.981977013708361 0.00847983091995524 0.000697584433706974 
0.000697584433706974 0.00847983091995524 0.981977013708361 0.00884557093797685 
0.0608230595088254 0.0062630563604913 0.00934576861677527 0.923568115513908 

0.594328646605276 0.160216105326543 0.0342221167144335 0.211233131353747 
0.102942831110883 0.490465518330994 0.37914695562008 0.027444694938044 
0.027444694938044 0.37914695562008 0.490465518330994 0.102942831110883 
0.211233131353747 0.0342221167144335 0.160216105326543 0.594328646605276 

0.936066352980125 0.000187847068604027 0.0327060966798239 0.0310397032714468 
0.0231537855968671 0.967465881073938 0.000288691467487168 0.00909164186170753 
0.00909164186170753 0.000288691467487168 0.967465881073938 0.0231537855968671 
0.0310397032714468 0.0327060966798239 0.000187847068604027 0.936066352980125 


