4 5

0.251923999283463 0.248076000716537 0.248076000716537 0.251923999283463 

0.930327725470534 0.00241660853493867 0.0182620880434915 0.0489935779510356 
0.00121779483102221 0.974261684263539 0.0244370975127947 8.3423392643705e-05 
8.3423392643705e-05 0.0244370975127947 0.974261684263539 0.00121779483102221 
0.0489935779510356 0.0182620880434915 0.00241660853493867 0.930327725470534 

0.43021577126177 0.138376221064143 0.0394830839708359 0.391924923703251 
0.190716696924484 0.641298765479246 0.162083348143001 0.00590118945326905 
0.00590118945326905 0.162083348143001 0.641298765479246 0.190716696924484 
0.391924923703251 0.0394830839708359 0.138376221064143 0.43021577126177 

0.94661130001568 0.00982699474548766 0.0016576895941872 0.0419040156446457 
0.000122880744127952 0.95766963742032 0.0405513408076495 0.00165614102790231 
0.00165614102790231 0.0405513408076495 0.95766963742032 0.000122880744127952 
0.0419040156446457 0.0016576895941872 0.00982699474548766 0.94661130001568 

0.627402408530722 0.0299882140994264 0.00888732952882771 0.333722047841024 
3.21961131831178e-05 0.499416268910199 0.499339956484657 0.0012115784919609 
0.0012115784919609 0.499339956484657 0.499416268910199 3.21961131831178e-05 
0.333722047841024 0.00888732952882771 0.0299882140994264 0.627402408530722 

0.946448027070843 0.0368056558876547 0.0125441160327799 0.0042022010087221 
0.0147184906497734 0.956910433343025 0.0180732089967683 0.0102978670104331 
0.0102978670104331 0.0180732089967683 0.956910433343025 0.0147184906497734 
0.0042022010087221 0.0125441160327799 0.0368056558876547 0.946448027070843 


