4 5

0.0784097426803783 0.421590257319622 0.421590257319622 0.0784097426803783 

0.944994139363813 0.0268392360919706 0.0145630677047833 0.0136035568394334 
0.0168521238559686 0.958383123275106 0.0237793570278562 0.000985395841069093 
0.000985395841069093 0.0237793570278562 0.958383123275106 0.0168521238559686 
0.0136035568394334 0.0145630677047833 0.0268392360919706 0.944994139363813 

0.247768530965853 0.535178198715319 0.142548300658724 0.0745049696601037 
0.15366408696465 0.581340217019834 0.254730773194681 0.0102649228208358 
0.0102649228208358 0.254730773194681 0.581340217019834 0.15366408696465 
0.0745049696601037 0.142548300658724 0.535178198715319 0.247768530965853 

0.924425656677185 0.00552106357263676 0.0306448214791911 0.0394084582709867 
0.000751429817469061 0.980274252094539 0.00172423796012772 0.0172500801278642 
0.0172500801278642 0.00172423796012772 0.980274252094539 0.000751429817469061 
0.0394084582709867 0.0306448214791911 0.00552106357263676 0.924425656677185 

0.461511012225164 0.0100147429941662 0.0774431518550904 0.45103109292558 
0.0168054569652579 0.551471581019911 0.390720904129926 0.0410020578849048 
0.0410020578849048 0.390720904129926 0.551471581019911 0.0168054569652579 
0.45103109292558 0.0774431518550904 0.0100147429941662 0.461511012225164 

0.933079968906218 0.00616818533514353 0.0607272972328824 2.45485257562295e-05 
0.0157251051066558 0.969977288765688 0.0133208884959806 0.000976717631675564 
0.000976717631675564 0.0133208884959806 0.969977288765688 0.0157251051066558 
2.45485257562295e-05 0.0607272972328824 0.00616818533514353 0.933079968906218 


