4 5

0.18612821015995 0.31387178984005 0.31387178984005 0.18612821015995 

0.924932513246971 1.21291155686172e-05 0.000165740988116135 0.074889616649344 
0.00167521846886815 0.981529869220974 0.00789746111190526 0.00889745119825252 
0.00889745119825252 0.00789746111190526 0.981529869220974 0.00167521846886815 
0.074889616649344 0.000165740988116135 1.21291155686172e-05 0.924932513246971 

0.972407225133536 0.0227169005720469 0.00247177425573469 0.00240410003868213 
0.869215174832795 0.0714052456995546 0.0529262870379993 0.00645329242965148 
0.00645329242965148 0.0529262870379993 0.0714052456995546 0.869215174832795 
0.00240410003868213 0.00247177425573469 0.0227169005720469 0.972407225133536 

0.931324688301352 0.00371158520347862 0.000488551709867578 0.0644751747853013 
0.00638335822634795 0.974107221614404 0.0190169479676813 0.000492472191567109 
0.000492472191567109 0.0190169479676813 0.974107221614404 0.00638335822634795 
0.0644751747853013 0.000488551709867578 0.00371158520347862 0.931324688301352 

0.130009173130029 0.335849264776537 0.410058542643035 0.124083019450399 
0.00142466504924891 0.55968668608197 0.429588515586712 0.00930013328206899 
0.00930013328206899 0.429588515586712 0.55968668608197 0.00142466504924891 
0.124083019450399 0.410058542643035 0.335849264776537 0.130009173130029 

0.934372630213614 0.00662984941258837 0.0179715167786696 0.0410260035951284 
0.00732992191287366 0.969675436298052 0.00906545373920703 0.0139291880498668 
0.0139291880498668 0.00906545373920703 0.969675436298052 0.00732992191287366 
0.0410260035951284 0.0179715167786696 0.00662984941258837 0.934372630213614 


