4 5

0.293350373627618 0.206649626372382 0.206649626372382 0.293350373627618 

0.949269830334425 0.000145840358880571 0.00559441532037705 0.0449899139863174 
0.0102009218290639 0.954730707592337 0.0286714490124487 0.00639692156615089 
0.00639692156615089 0.0286714490124487 0.954730707592337 0.0102009218290639 
0.0449899139863174 0.00559441532037705 0.000145840358880571 0.949269830334425 

0.446097004827052 0.112783778979183 0.0177136832192456 0.423405532974519 
0.159206635990924 0.727605327288157 0.102499907273393 0.0106881294475252 
0.0106881294475252 0.102499907273393 0.727605327288157 0.159206635990924 
0.423405532974519 0.0177136832192456 0.112783778979183 0.446097004827052 

0.970135674229733 0.0212448475365354 6.95207482139665e-06 0.00861252615890995 
0.0587836691305315 0.934042850796868 0.00709972485517074 7.37552174294442e-05 
7.37552174294442e-05 0.00709972485517074 0.934042850796868 0.0587836691305315 
0.00861252615890995 6.95207482139665e-06 0.0212448475365354 0.970135674229733 

0.455643512254007 0.0756068167984263 0.0207438713487388 0.448005799598828 
0.138306156272802 0.822090872887712 0.0128362949430976 0.0267666758963876 
0.0267666758963876 0.0128362949430976 0.822090872887712 0.138306156272802 
0.448005799598828 0.0207438713487388 0.0756068167984263 0.455643512254007 

0.9408471188386 0.0164908846946665 0.0124501003504719 0.0302118961162613 
0.0200335496704357 0.962712845329169 0.00798660338631241 0.00926700161408292 
0.00926700161408292 0.00798660338631241 0.962712845329169 0.0200335496704357 
0.0302118961162613 0.0124501003504719 0.0164908846946665 0.9408471188386 


