4 5

0.326302322209813 0.173697677790187 0.173697677790187 0.326302322209813 

0.976298183983106 0.00137382079177065 0.0107167569175419 0.0116112383075811 
0.00586117589808763 0.927553891109149 0.00763910538043294 0.0589458276123308 
0.0589458276123308 0.00763910538043294 0.927553891109149 0.00586117589808763 
0.0116112383075811 0.0107167569175419 0.00137382079177065 0.976298183983106 

0.482724868618061 0.00144721685993178 0.0367284366190684 0.479099477902939 
0.0147782583184887 0.589439515750221 0.358708902333426 0.0370733235978644 
0.0370733235978644 0.358708902333426 0.589439515750221 0.0147782583184887 
0.479099477902939 0.0367284366190684 0.00144721685993178 0.482724868618061 

0.960595808869315 0.00157203000062985 6.42637683815608e-06 0.0378257347532167 
0.0283976187294158 0.942979492120348 0.0216282914879972 0.00699459766223941 
0.00699459766223941 0.0216282914879972 0.942979492120348 0.0283976187294158 
0.0378257347532167 6.42637683815608e-06 0.00157203000062985 0.960595808869315 

0.539735345431016 0.122473007190009 0.0125726615769977 0.325218985801977 
0.392444340612725 0.244117836701603 0.151055457592151 0.212382365093522 
0.212382365093522 0.151055457592151 0.244117836701603 0.392444340612725 
0.325218985801977 0.0125726615769977 0.122473007190009 0.539735345431016 

0.995276908907397 0.00411782366440306 0.000125969724037435 0.000479297704163051 
0.00423765123098524 0.909186344427373 0.00740133659494269 0.0791746677466993 
0.0791746677466993 0.00740133659494269 0.909186344427373 0.00423765123098524 
0.000479297704163051 0.000125969724037435 0.00411782366440306 0.995276908907397 


