4 5

0.292833855259232 0.207166144740768 0.207166144740768 0.292833855259232 

0.950978036347945 0.00259032913275187 0.0199338870532303 0.026497747466073 
0.00192335164000236 0.952744790055436 0.0369703182412922 0.00836154006326905 
0.00836154006326905 0.0369703182412922 0.952744790055436 0.00192335164000236 
0.026497747466073 0.0199338870532303 0.00259032913275187 0.950978036347945 

0.497810531688186 0.0570756524123038 0.000450716724760637 0.444663099174749 
0.0442673553478941 0.513011666838197 0.0536337940300965 0.389087183783812 
0.389087183783812 0.0536337940300965 0.513011666838197 0.0442673553478941 
0.444663099174749 0.000450716724760637 0.0570756524123038 0.497810531688186 

0.968011247730266 0.00233477013331933 0.0164134678172175 0.0132405143191974 
0.0535193965200122 0.93512930993016 0.000336444955042814 0.0110148485947846 
0.0110148485947846 0.000336444955042814 0.93512930993016 0.0535193965200122 
0.0132405143191974 0.0164134678172175 0.00233477013331933 0.968011247730266 

0.477416261833788 0.00823119308190561 0.191674882464718 0.322677662619589 
0.476693316805358 0.28584662368006 0.15568056801876 0.0817794914958215 
0.0817794914958215 0.15568056801876 0.28584662368006 0.476693316805358 
0.322677662619589 0.191674882464718 0.00823119308190561 0.477416261833788 

0.959837689825602 0.00707398485898143 0.00363739253947986 0.0294509327759363 
0.0105803250019404 0.943416650052238 0.012367189907954 0.0336358350378675 
0.0336358350378675 0.012367189907954 0.943416650052238 0.0105803250019404 
0.0294509327759363 0.00363739253947986 0.00707398485898143 0.959837689825602 


