4 5

0.0248121729819104 0.47518782701809 0.47518782701809 0.0248121729819104 

0.935868682221332 0.000113859861188847 0.000262833580655808 0.0637546243368236 
0.000108690174213509 0.969364667585435 0.0228342260557274 0.00769241618462429 
0.00769241618462429 0.0228342260557274 0.969364667585435 0.000108690174213509 
0.0637546243368236 0.000262833580655808 0.000113859861188847 0.935868682221332 

0.52445328015263 0.0403375753478936 0.211573346012401 0.223635798487075 
0.295611423316333 0.387130062951878 0.0845486274427106 0.232709886289079 
0.232709886289079 0.0845486274427106 0.387130062951878 0.295611423316333 
0.223635798487075 0.211573346012401 0.0403375753478936 0.52445328015263 

0.985754378523122 0.00281015603794975 5.73834933833665e-05 0.011378081945545 
0.0147909710509405 0.918044896451408 0.00713275722712053 0.060031375270531 
0.060031375270531 0.00713275722712053 0.918044896451408 0.0147909710509405 
0.011378081945545 5.73834933833665e-05 0.00281015603794975 0.985754378523122 

0.349177611092487 0.0244409813577257 0.394279336891688 0.2321020706581 
0.00530140052008761 0.782725531451143 0.121971027365121 0.0900020406636481 
0.0900020406636481 0.121971027365121 0.782725531451143 0.00530140052008761 
0.2321020706581 0.394279336891688 0.0244409813577257 0.349177611092487 

0.931763117933723 0.00471633507868583 0.0540967353683986 0.00942381161919303 
0.00430344464670379 0.972439920203553 0.00139951927296428 0.0218571158767794 
0.0218571158767794 0.00139951927296428 0.972439920203553 0.00430344464670379 
0.00942381161919303 0.0540967353683986 0.00471633507868583 0.931763117933723 


