4080.9379333757
4133.99410437149
4076.07886190522
4041.10445936868
4143.80934002053
4128.65799956213
4108.31807328518
4146.0944262082
4095.10737664467
4082.20677737767
4145.68755271386
4072.083571547
4087.94406877157
4127.82258994811
4149.32386480539
4064.10651587959
4044.97209099742
4059.41166973438
4139.75611002411
4047.73209842276
4094.75649678307
4161.01894218023
4109.49198956958
4103.56008046948
4117.28031554812
4116.68091156551
4052.57351632228
4005.67493165089
4050.97974019806
4067.22324398037
4075.45806492522
4093.20080368507
4054.72852751814
4102.93197310954
4164.65923626949
4120.00138872715
4131.84933953995
4100.65954028739
4042.52067048599
4092.84269459276
4149.39900393321
4152.70409690507
4135.74662399851
4111.20297615319
4180.84683328421
4148.80359865754
4142.22437734468
4159.30558354974
4129.58439344287
4139.45732257512
4118.81556779009
4010.35230097219
4076.58725132573
4112.50364549133
4183.66806044408
4110.24393094816
4131.7429697344
4082.50374862773
4115.77700574369
4076.57393872517
4113.39145995931
4107.60045790273
4140.32592009983
4086.37924507346
4051.4934134036
4089.58093137814
4137.0015807644
4154.21560813072
4122.07906301553
4030.180178552
4116.22687943438
4061.5067543847
3968.04062764519
4141.87252017
4162.88496978039
4087.47835137538
4081.9025398886
4150.05164756002
4093.61803980618
4098.45172099827
4173.57063714336
4161.93133695892
4098.54472432226
4049.78499876878
4062.84556839699
4029.78450579655
4187.37944766402
4089.45375975722
4120.04312195897
4062.21292292428
4162.26465693082
4154.42449559409
4132.69514590519
4092.07552806953
4087.73041028496
4080.22606894568
4076.10803582742
4136.22809216822
4126.54873316191
4127.73796821763
