2.756156
0.629905
0.169572
0.277203
0.660675
0.189309
0.524565
0.268616
0.637151
0.575734
0.436816
0.409879
0.304203
0.955267
0.513225
0.917355
0.204312
0.213494
0.348745
0.363137
0.095525
0.586496
1.825002
0.293539
0.387397
0.181752
0.086073
0.42404
0.724237
1.456396
0.659404
2.142994
0.214736
0.302082
0.571612
0.081624
0.786514
0.247818
0.645435
0.117428
1.468584
0.454585
1.236253
0.286994
0.183802
0.642152
0.438749
0.383946
0.352857
0.183972
0.112862
0.480507
0.144177
0.050525
0.343497
0.310159
0.111397
0.268808
0.191871
0.099786
0.897694
0.286748
0.240188
0.1818
0.21089
0.161588
0.236435
0.203936
1.136139
0.757433
0.157934
0.042947
5.11816
2.231248
0.289379
0.299236
0.161302
0.179751
0.352333
0.141279
0.306438
0.228366
0.191539
0.507211
0.512062
0.284753
0.231383
0.103138
0.222759
0.173777
0.747868
3.453016
0.332568
0.910074
0.46488
0.494891
0.304039
0.158016
0.880585
0.154135
