0.638191
0.260843
0.124721
0.217367
0.584104
0.219293
0.068018
0.098493
0.398325
0.208251
0.303572
0.217092
0.23401
0.106994
0.236389
0.571703
1.270975
0.084155
0.962536
0.102065
0.054457
0.354032
0.063068
0.384671
0.207093
0.302889
0.081969
0.267728
0.085545
0.128647
0.14584
0.274681
0.241451
0.079885
0.199742
0.059973
0.185017
0.186825
0.148626
0.153632
0.128453
0.180584
0.383962
0.431006
0.116521
0.08512
0.113401
0.16293
0.56002
0.76796
0.106572
0.132977
0.410296
0.13978
0.075016
0.173128
0.097047
0.218415
0.149777
0.112188
0.559754
0.143631
0.577944
0.171785
0.24539
0.904337
0.339155
0.073118
0.054242
0.111153
0.10024
0.055801
0.236996
0.119889
0.180405
0.271788
0.190096
0.238554
0.166306
0.709121
0.15945
0.08704
0.256637
0.273841
0.660403
0.065976
0.140053
0.106509
0.137279
0.078913
0.108677
0.70938
0.318587
0.290737
0.060005
0.211595
0.040745
0.11953
1.230163
0.141906
