5245.39086455433152877958
4844.27963895348602818558
4276.26948630217611935223
5203.08522345744677295443
5100.11097812613206770038
4517.92835557276248437120
5182.33551593119136668975
5032.99062607621272036340
5359.17222752026373200351
4764.55819917064036417287
4868.40019983779893664178
4558.22877736898681177991
5066.67923634271937771700
5011.81826209458085941151
4433.04926245290607766947
5005.49743011679402115988
4909.42511607654159888625
4899.39606759178150241496
3187.36881495836087196949
5157.69820438616989122238
4921.65036824699473072542
4475.35493838690308621153
4897.48072189029517176095
4766.55204448682525253389
5022.18745572166608326370
4700.62329098093232460087
4531.75441242576744116377
5157.49217428150677733356
4672.55410016164296393981
4863.05752916468463808997
4899.99852779009233927354
5012.57050782343048922485
4530.23427950120731111383
4108.99987635851084633032
5235.19729771909078408498
5073.36472426088585052639
5197.32502215457498095930
5103.72635165830706682755
4970.98957798500941862585
4941.60834150476603099378
4257.30867184291309968103
4782.56186723953214823268
4920.45296544262509996770
4604.31160313543387019308
5328.90194314983364165528
4980.08324597655973775545
3598.82843426320141588803
5109.60117758107116969768
4855.41489107311463158112
4629.19314867418597714277
4099.39508872039095876971
5091.26089444182434817776
5365.94648572422011056915
4855.30321177547102706740
4943.60441057790285412921
5221.75760596306008665124
4485.36488845150142878992
4805.47725790788172162138
5013.63924023838626453653
4887.47419189461561472854
5015.30127011024433159037
4852.81681690695586439688
5061.97703147563697712030
4765.96326310149197524879
4812.22694866719666606514
4832.55537490772530873073
4515.30150748842788743787
5225.82216804097970452858
4758.35892173935280879959
4875.65519774552558374126
4542.84730984024008648703
5061.47575700492689065868
5132.01431423662961606169
4928.25421773263497016160
4487.49586756515236629639
4357.90637215338574605994
4946.85871074915212375345
4701.04343641443665546831
5301.61659170257735240739
5181.68388632274127303390
4872.61107630580863769865
4660.19779321278383577010
5032.68669433944342017639
4577.43835746418244525557
4917.07910764000735071022
5009.64490001517242490081
5112.17855402946133835940
5241.18266054813557275338
4862.80623215332525433041
4452.19092246443233307218
4481.34332737654767697677
4831.00195124262245371938
4843.76560341740878357086
4635.84749483814903214807
4977.15622420570434769616
5091.20938881364872941049
5034.43299372573073924286
4442.94437397634192166151
5166.52925734036125504645
4434.57592676116564689437
