4 5

0.25 0.25 0.25 0.25 

0.952218023462675 0.0432642217355602 0.00172035484816649 0.00279739995359871 
0.0432642217355602 0.952218023462675 0.00279739995359871 0.00172035484816649 
0.00172035484816649 0.00279739995359871 0.952218023462675 0.0432642217355602 
0.00279739995359871 0.00172035484816649 0.0432642217355602 0.952218023462675 

0.489837866349051 0.0103259998114607 0.098752463488456 0.401083670351033 
0.0103259998114607 0.489837866349051 0.401083670351033 0.098752463488456 
0.098752463488456 0.401083670351033 0.489837866349051 0.0103259998114607 
0.401083670351033 0.098752463488456 0.0103259998114607 0.489837866349051 

0.951797709545005 0.0296454014859126 0.00489893925103049 0.0136579497180521 
0.0296454014859126 0.951797709545005 0.0136579497180521 0.00489893925103049 
0.00489893925103049 0.0136579497180521 0.951797709545005 0.0296454014859126 
0.0136579497180521 0.00489893925103049 0.0296454014859126 0.951797709545005 

0.430335891799298 0.0698413837510163 0.228075350976112 0.271747373473574 
0.0698413837510163 0.430335891799298 0.271747373473574 0.228075350976112 
0.228075350976112 0.271747373473574 0.430335891799298 0.0698413837510163 
0.271747373473574 0.228075350976112 0.0698413837510163 0.430335891799298 

0.95173372972646 0.0052969149052082 0.0184838960729863 0.0244854592953452 
0.0052969149052082 0.95173372972646 0.0244854592953452 0.0184838960729863 
0.0184838960729863 0.0244854592953452 0.95173372972646 0.0052969149052082 
0.0244854592953452 0.0184838960729863 0.0052969149052082 0.95173372972646 


