4 5

0.25 0.25 0.25 0.25 

0.951703153007128 0.0255302993791749 0.0100016642601727 0.0127648833535243 
0.0255302993791749 0.951703153007128 0.0127648833535243 0.0100016642601727 
0.0100016642601727 0.0127648833535243 0.951703153007128 0.0255302993791749 
0.0127648833535243 0.0100016642601727 0.0255302993791749 0.951703153007128 

0.482835017222154 0.0176782542348094 0.457195028768162 0.0422916997748744 
0.0176782542348094 0.482835017222154 0.0422916997748744 0.457195028768162 
0.457195028768162 0.0422916997748744 0.482835017222154 0.0176782542348094 
0.0422916997748744 0.457195028768162 0.0176782542348094 0.482835017222154 

0.952272577549275 0.000861729420134599 0.00237269674094456 0.0444929962896456 
0.000861729420134599 0.952272577549275 0.0444929962896456 0.00237269674094456 
0.00237269674094456 0.0444929962896456 0.952272577549275 0.000861729420134599 
0.0444929962896456 0.00237269674094456 0.000861729420134599 0.952272577549275 

0.482565462374282 0.0175395111997075 0.251016380582809 0.248878645843202 
0.0175395111997075 0.482565462374282 0.248878645843202 0.251016380582809 
0.251016380582809 0.248878645843202 0.482565462374282 0.0175395111997075 
0.248878645843202 0.251016380582809 0.0175395111997075 0.482565462374282 

0.951754154502852 0.00449523284411485 0.0180321828796157 0.0257184297734173 
0.00449523284411485 0.951754154502852 0.0257184297734173 0.0180321828796157 
0.0180321828796157 0.0257184297734173 0.951754154502852 0.00449523284411485 
0.0257184297734173 0.0180321828796157 0.00449523284411485 0.951754154502852 


