4 5

0.25 0.25 0.25 0.25 

0.951785574417438 0.00319073484660887 0.0270173300469653 0.018006360688988 
0.00319073484660887 0.951785574417438 0.018006360688988 0.0270173300469653 
0.0270173300469653 0.018006360688988 0.951785574417438 0.00319073484660887 
0.018006360688988 0.0270173300469653 0.00319073484660887 0.951785574417438 

0.447946928910868 0.0522246606626451 0.327862742447829 0.171965667978658 
0.0522246606626451 0.447946928910868 0.171965667978658 0.327862742447829 
0.327862742447829 0.171965667978658 0.447946928910868 0.0522246606626451 
0.171965667978658 0.327862742447829 0.0522246606626451 0.447946928910868 

0.952261219286458 0.0031227857978236 0.000408670132352074 0.0442073247833663 
0.0031227857978236 0.952261219286458 0.0442073247833663 0.000408670132352074 
0.000408670132352074 0.0442073247833663 0.952261219286458 0.0031227857978236 
0.0442073247833663 0.000408670132352074 0.0031227857978236 0.952261219286458 

0.397703049653132 0.102588320955299 0.201934664491849 0.29777396489972 
0.102588320955299 0.397703049653132 0.29777396489972 0.201934664491849 
0.201934664491849 0.29777396489972 0.397703049653132 0.102588320955299 
0.29777396489972 0.201934664491849 0.102588320955299 0.397703049653132 

0.951638126040458 0.0130761973982591 0.0169987817728896 0.0182868947883933 
0.0130761973982591 0.951638126040458 0.0182868947883933 0.0169987817728896 
0.0169987817728896 0.0182868947883933 0.951638126040458 0.0130761973982591 
0.0182868947883933 0.0169987817728896 0.0130761973982591 0.951638126040458 


