4 14

0.0546724509913474 0.445327549008653 0.445327549008653 0.0546724509913474 

0.597820970106777 0.204114969688306 0.00540487586526463 0.192659184339652 
0.00370109782226254 0.711271599752357 0.284899198458201 0.000128103967179479 
0.000128103967179479 0.284899198458201 0.711271599752357 0.00370109782226254 
0.192659184339652 0.00540487586526463 0.204114969688306 0.597820970106777 

0.576087881654085 0.0113369598305458 0.365333984507823 0.0472411740075458 
0.0380767264310164 0.701077428184074 0.203632805045228 0.0572130403396822 
0.0572130403396822 0.203632805045228 0.701077428184074 0.0380767264310164 
0.0472411740075458 0.365333984507823 0.0113369598305458 0.576087881654085 

0.76983705354351 0.00817193123686266 0.0481665521415647 0.173824463078063 
0.000672087230085824 0.508064933223546 0.473727723340292 0.0175352562060765 
0.0175352562060765 0.473727723340292 0.508064933223546 0.000672087230085824 
0.173824463078063 0.0481665521415647 0.00817193123686266 0.76983705354351 

0.159663797187367 0.81906335380787 0.00802924897571594 0.0132436000290475 
0.000603673920734252 0.90317123324151 0.0199864734647202 0.076238619373035 
0.076238619373035 0.0199864734647202 0.90317123324151 0.000603673920734252 
0.0132436000290475 0.00802924897571594 0.81906335380787 0.159663797187367 

0.595333397654194 0.00521122901445507 0.00276857852369946 0.396686794807652 
3.6649049106265e-05 0.546206459232781 0.453214605277178 0.000542286440934246 
0.000542286440934246 0.453214605277178 0.546206459232781 3.6649049106265e-05 
0.396686794807652 0.00276857852369946 0.00521122901445507 0.595333397654194 

0.299158845325666 0.165578254780819 0.316229316078289 0.219033583815225 
0.00219165803347841 0.718918062446913 0.278229279693989 0.000660999825619087 
0.000660999825619087 0.278229279693989 0.718918062446913 0.00219165803347841 
0.219033583815225 0.316229316078289 0.165578254780819 0.299158845325666 

0.497418181760205 0.00382772697422288 0.0273947786783726 0.4713593125872 
0.0278671933537938 0.857223462384567 0.0865259948548774 0.0283833494067622 
0.0283833494067622 0.0865259948548774 0.857223462384567 0.0278671933537938 
0.4713593125872 0.0273947786783726 0.00382772697422288 0.497418181760205 

0.452505492851664 0.0016285392835961 0.168086333753715 0.377779634111025 
0.0386427866984544 0.592934441819619 0.367819649464378 0.000603122017548981 
0.000603122017548981 0.367819649464378 0.592934441819619 0.0386427866984544 
0.377779634111025 0.168086333753715 0.0016285392835961 0.452505492851664 

0.491415752381229 0.0389318370884922 0.331555001621018 0.13809740890926 
0.0187921481967582 0.544903868018062 0.114454735434449 0.321849248350731 
0.321849248350731 0.114454735434449 0.544903868018062 0.0187921481967582 
0.13809740890926 0.331555001621018 0.0389318370884922 0.491415752381229 

0.472145739673669 0.113726844885268 0.00858996471558634 0.405537450725477 
0.0370895912462894 0.672144939468456 0.288807613153825 0.00195785613142915 
0.00195785613142915 0.288807613153825 0.672144939468456 0.0370895912462894 
0.405537450725477 0.00858996471558634 0.113726844885268 0.472145739673669 

0.413084351862499 0.19153212932195 0.0204863141698746 0.374897204645676 
0.0376389037677033 0.87678195990657 0.0819885641908754 0.0035905721348509 
0.0035905721348509 0.0819885641908754 0.87678195990657 0.0376389037677033 
0.374897204645676 0.0204863141698746 0.19153212932195 0.413084351862499 

0.527456029656524 0.381486689642774 0.0595231909256189 0.0315340897750831 
0.350490783513662 0.517327493072953 0.102528053016567 0.0296536703968185 
0.0296536703968185 0.102528053016567 0.517327493072953 0.350490783513662 
0.0315340897750831 0.0595231909256189 0.381486689642774 0.527456029656524 

0.909823162795356 0.00190223943194974 0.0436577218444463 0.0446168759282481 
0.803776289210205 0.150787169614498 0.0218357098492547 0.0236008313260418 
0.0236008313260418 0.0218357098492547 0.150787169614498 0.803776289210205 
0.0446168759282481 0.0436577218444463 0.00190223943194974 0.909823162795356 

0.549674524052374 0.168982187898817 0.0174686001938148 0.263874687854994 
0.00200177925747185 0.525859261672753 0.453749181911063 0.0183897771587123 
0.0183897771587123 0.453749181911063 0.525859261672753 0.00200177925747185 
0.263874687854994 0.0174686001938148 0.168982187898817 0.549674524052374 


