4 14

0.351613672217354 0.148386327782646 0.148386327782646 0.351613672217354 

0.486789531405184 0.0167355515670083 0.492254339690492 0.00422057733731546 
0.203059066271737 0.788361733220939 0.0068281735503517 0.00175102695697299 
0.00175102695697299 0.0068281735503517 0.788361733220939 0.203059066271737 
0.00422057733731546 0.492254339690492 0.0167355515670083 0.486789531405184 

0.454758343672249 0.018710529762704 0.519538573667127 0.0069925528979197 
0.146523699460751 0.842100475061213 0.000428509324047477 0.0109473161539884 
0.0109473161539884 0.000428509324047477 0.842100475061213 0.146523699460751 
0.0069925528979197 0.519538573667127 0.018710529762704 0.454758343672249 

0.665477548802644 0.00539247107378131 0.0770754127042446 0.25205456741933 
0.474350160050366 0.241454195591459 0.168162728503301 0.116032915854874 
0.116032915854874 0.168162728503301 0.241454195591459 0.474350160050366 
0.25205456741933 0.0770754127042446 0.00539247107378131 0.665477548802644 

0.503672665155009 0.000393622971399096 0.0165549226571078 0.479378789216484 
0.0128245899770505 0.893686746424351 0.0325548533346925 0.0609338102639057 
0.0609338102639057 0.0325548533346925 0.893686746424351 0.0128245899770505 
0.479378789216484 0.0165549226571078 0.000393622971399096 0.503672665155009 

0.512969012554216 0.000384263057492666 0.0180865495769372 0.468560174811354 
0.208386315048558 0.622595713586937 0.141094169693903 0.0279238016706018 
0.0279238016706018 0.141094169693903 0.622595713586937 0.208386315048558 
0.468560174811354 0.0180865495769372 0.000384263057492666 0.512969012554216 

0.470343567170079 0.214872032284459 0.277764335676689 0.0370200648687731 
0.105157040026987 0.464922638600712 0.197492611037513 0.232427710334788 
0.232427710334788 0.197492611037513 0.464922638600712 0.105157040026987 
0.0370200648687731 0.277764335676689 0.214872032284459 0.470343567170079 

0.354961658980088 0.0982743078971008 0.258720236591127 0.288043796531683 
0.0111418571830674 0.753326001958124 0.183614925521638 0.0519172153371701 
0.0519172153371701 0.183614925521638 0.753326001958124 0.0111418571830674 
0.288043796531683 0.258720236591127 0.0982743078971008 0.354961658980088 

0.676843332978426 0.000366938977753417 0.00646140876122014 0.316328319282601 
0.0062179836193535 0.522527046439565 0.471149191852202 0.000105778088880062 
0.000105778088880062 0.471149191852202 0.522527046439565 0.0062179836193535 
0.316328319282601 0.00646140876122014 0.000366938977753417 0.676843332978426 

0.493632737241949 0.0834472458071912 0.000876068342352314 0.422043948608508 
0.0394029688359686 0.311851652377 0.178787110565441 0.46995826822159 
0.46995826822159 0.178787110565441 0.311851652377 0.0394029688359686 
0.422043948608508 0.000876068342352314 0.0834472458071912 0.493632737241949 

0.430474843128076 0.15070270358966 0.0373554455549362 0.381467007727328 
0.00140341352906268 0.723423273987005 0.26930323887828 0.00587007360565209 
0.00587007360565209 0.26930323887828 0.723423273987005 0.00140341352906268 
0.381467007727328 0.0373554455549362 0.15070270358966 0.430474843128076 

0.677473973233516 0.00710827065985312 0.0243744716828937 0.291043284423737 
0.246309453254883 0.243340402289978 0.0596130765888399 0.450737067866299 
0.450737067866299 0.0596130765888399 0.243340402289978 0.246309453254883 
0.291043284423737 0.0243744716828937 0.00710827065985312 0.677473973233516 

0.271112551142051 0.358421600679942 0.156653254656835 0.213812593521173 
0.00284898265768181 0.822586814774594 0.166536041757228 0.008028160810496 
0.008028160810496 0.166536041757228 0.822586814774594 0.00284898265768181 
0.213812593521173 0.156653254656835 0.358421600679942 0.271112551142051 

0.361726268970971 0.57851112762623 0.011804662868042 0.0479579405347565 
0.00926182546636672 0.625284214399659 0.0123356393131686 0.353118320820806 
0.353118320820806 0.0123356393131686 0.625284214399659 0.00926182546636672 
0.0479579405347565 0.011804662868042 0.57851112762623 0.361726268970971 

0.485053344208927 0.0587729094710053 0.0123918092683658 0.443781937051702 
0.127995252845205 0.733860337712433 0.0629496062072578 0.0751948032351037 
0.0751948032351037 0.0629496062072578 0.733860337712433 0.127995252845205 
0.443781937051702 0.0123918092683658 0.0587729094710053 0.485053344208927 


