4 14

0.168939957395196 0.331060042604804 0.331060042604804 0.168939957395196 

0.678297669509282 0.00727426076532189 0.0745995074297767 0.239828562295619 
0.0202854057176221 0.629605948779446 0.189118349324784 0.160990296178148 
0.160990296178148 0.189118349324784 0.629605948779446 0.0202854057176221 
0.239828562295619 0.0745995074297767 0.00727426076532189 0.678297669509282 

0.621669624865566 0.00743296675002586 0.329024977162008 0.0418724312224003 
0.159329907821971 0.615411754265554 0.195825586678172 0.0294327512343028 
0.0294327512343028 0.195825586678172 0.615411754265554 0.159329907821971 
0.0418724312224003 0.329024977162008 0.00743296675002586 0.621669624865566 

0.558313319697594 0.0834974545488852 0.298953969517908 0.059235256235613 
0.0275937963802173 0.481501210276383 0.35221587014472 0.13868912319868 
0.13868912319868 0.35221587014472 0.481501210276383 0.0275937963802173 
0.059235256235613 0.298953969517908 0.0834974545488852 0.558313319697594 

0.510266728767454 0.0109753366316858 0.00582046045844652 0.472937474142414 
0.0137908876974398 0.744687602240819 0.233559180034805 0.00796233002693631 
0.00796233002693631 0.233559180034805 0.744687602240819 0.0137908876974398 
0.472937474142414 0.00582046045844652 0.0109753366316858 0.510266728767454 

0.628635117658653 0.000282877365125143 0.000230921925471885 0.37085108305075 
0.167732736261814 0.306856864286643 0.151822807532057 0.373587591919486 
0.373587591919486 0.151822807532057 0.306856864286643 0.167732736261814 
0.37085108305075 0.000230921925471885 0.000282877365125143 0.628635117658653 

0.676307898186666 7.04186050086864e-05 0.00881086679949615 0.314810816408829 
0.152338691323889 0.450485393867205 0.393399753743191 0.00377616106571431 
0.00377616106571431 0.393399753743191 0.450485393867205 0.152338691323889 
0.314810816408829 0.00881086679949615 7.04186050086864e-05 0.676307898186666 

0.515364067337768 0.0184560871425715 0.00522744864194075 0.46095239687772 
0.0551069620952272 0.661154175087769 0.282101350415921 0.00163751240108248 
0.00163751240108248 0.282101350415921 0.661154175087769 0.0551069620952272 
0.46095239687772 0.00522744864194075 0.0184560871425715 0.515364067337768 

0.291229680259946 0.050543406591033 0.520675082674602 0.137551830474419 
0.0773520018945186 0.551897232032226 0.345375232115 0.0253755339582556 
0.0253755339582556 0.345375232115 0.551897232032226 0.0773520018945186 
0.137551830474419 0.520675082674602 0.050543406591033 0.291229680259946 

0.521180444398252 0.0449779166131767 0.00544089039247334 0.428400748596098 
0.0886315145196439 0.45321359872228 0.197687083177005 0.26046780358107 
0.26046780358107 0.197687083177005 0.45321359872228 0.0886315145196439 
0.428400748596098 0.00544089039247334 0.0449779166131767 0.521180444398252 

0.613979755922297 0.00288857683913647 0.0693940335170802 0.313737633721486 
0.338800594757334 0.342525711577415 0.310865978744283 0.00780771492096832 
0.00780771492096832 0.310865978744283 0.342525711577415 0.338800594757334 
0.313737633721486 0.0693940335170802 0.00288857683913647 0.613979755922297 

0.851803475790982 0.144802331786287 0.00015178758964296 0.00324240483308874 
0.000410055637698248 0.207717890710788 0.000294928578090312 0.791577125073424 
0.791577125073424 0.000294928578090312 0.207717890710788 0.000410055637698248 
0.00324240483308874 0.00015178758964296 0.144802331786287 0.851803475790982 

0.758836926464454 0.200875629192369 0.021032977202874 0.0192544671403033 
0.446813521214474 0.306433855394698 0.0242866408116927 0.222465982579135 
0.222465982579135 0.0242866408116927 0.306433855394698 0.446813521214474 
0.0192544671403033 0.021032977202874 0.200875629192369 0.758836926464454 

0.786555972570438 0.169069579330964 0.00399630008604772 0.0403781480125506 
0.174293034703685 0.450535630900182 0.374480446279622 0.000690888116510427 
0.000690888116510427 0.374480446279622 0.450535630900182 0.174293034703685 
0.0403781480125506 0.00399630008604772 0.169069579330964 0.786555972570438 

0.488647181601579 0.0774778937695586 0.148176143244635 0.285698781384227 
0.418639886803964 0.359663399613616 0.12737782811908 0.0943188854633407 
0.0943188854633407 0.12737782811908 0.359663399613616 0.418639886803964 
0.285698781384227 0.148176143244635 0.0774778937695586 0.488647181601579 


