2.87168192863464
3.71120405197144
0.65192985534668
7.28685784339905
3.43781399726868
9.34951114654541
2.30347990989685
2.617595911026
1.81283593177795
2.4072859287262
13.2256100177765
4.8361611366272
7.40042304992676
0.974588871002197
1.81818413734436
2.23442697525024
2.26593017578125
4.52026700973511
2.75433206558228
3.77545118331909
2.88672709465027
5.36104321479797
11.5672850608826
2.07325196266174
9.01277112960815
6.77223014831543
2.14609813690186
1.16995716094971
3.25920081138611
5.97702598571777
1.26278400421143
0.869579076766968
11.6557638645172
2.12067699432373
2.19558191299438
7.67620992660522
7.91198205947876
0.970126152038574
1.29785990715027
5.75722789764404
2.86304497718811
5.56985688209534
5.89471387863159
4.35976409912109
2.85519313812256
1.83917498588562
12.9802598953247
4.53470897674561
5.82341003417969
1.79588794708252
2.65550589561462
1.13806295394897
4.49831295013428
5.16902303695679
1.59406590461731
5.88796901702881
2.56115698814392
7.10048079490662
1.2019510269165
1.5333092212677
3.76309013366699
12.3318359851837
3.93564915657043
4.88789701461792
2.44314217567444
9.21167612075806
1.13138008117676
7.87385892868042
7.75669407844543
6.7783899307251
0.817185878753662
7.49709796905518
2.84233713150024
2.24178981781006
1.59414887428284
5.102942943573
8.73081111907959
6.60119700431824
5.30300402641296
5.54118394851685
8.5893030166626
2.90906286239624
6.16292786598206
2.24161100387573
4.78379106521606
4.59200310707092
3.6887538433075
2.27126598358154
1.25613903999329
4.07097291946411
6.55782794952393
1.91067099571228
3.77799606323242
9.13469505310059
9.14972901344299
0.891752004623413
0.937881946563721
1.48765802383423
6.8080267906189
2.16036105155945
