3748.95491028558
3761.68637066789
3614.91892063337
3675.4445532983
3734.85231967636
3766.83096846982
3705.1596479146
3791.62328432754
3709.89358790977
3676.86711384396
3805.5587911771
3720.5993791907
3743.88899616759
3743.2033758062
3754.05013793217
3708.87315173968
3724.72075796191
3775.0575807957
3771.71471952692
3738.45228183754
3711.65853061653
3739.63279458671
3704.95583962452
3730.26149001425
3767.50824659931
3766.79958980055
3721.5156062612
3701.99811856674
3680.50105136892
3771.62490330458
3742.11198042376
3747.88288690054
3742.04332725518
3715.42451753811
3710.68787645956
3746.6483018056
3800.1756974607
3688.89172228538
3807.84819957387
3648.68736276579
3758.36319795981
3778.51410612662
3749.72369471181
3711.48238990137
3762.20049883177
3707.0039178974
3747.18094893146
3724.81490646028
3766.78051647373
3733.93753020399
3723.12004462149
3715.66454231951
3760.41799003342
3752.45565389787
3676.11493448087
3698.23741655701
3775.74589168046
3784.51018637394
3682.02267740049
3707.37346966444
3752.48268207464
3761.04265993636
3783.97583155817
3718.29279018626
3723.75286359977
3765.1059690117
3794.19429298822
3737.51274727656
3809.11084293812
3693.35685336633
3714.75245656443
3773.90133141766
3730.25720796984
3762.39112513525
3782.62588273889
3714.90720916722
3720.93313245483
3737.51753801996
3858.55165438653
3688.09528217532
3690.86430441213
3731.19158279539
3756.94595571434
3743.35380660596
3741.20401570871
3755.11273015541
3768.97301151084
3748.99874945633
3721.63913360844
3743.06976002637
3716.11647329477
3718.6674932176
3824.62868170902
3774.82427128578
3712.33875980153
3733.54620017777
3758.49935153563
3684.96965427406
3662.89657801869
3714.16893814877
