3748.95821188511
3761.68786882609
3614.91960576615
3675.44573350014
3734.85517382975
3766.83240189855
3705.15999920307
3791.62373940619
3709.8960701352
3676.86869528032
3805.56117730899
3720.60063471336
3743.89040733053
3743.20390097239
3754.05152669574
3708.87686038431
3724.72474350264
3775.05795525959
3771.71827263997
3738.45284539114
3711.65877089061
3739.63465573901
3704.95613721323
3730.26362592886
3767.50985661411
3766.80132382279
3721.51598782383
3701.9999230096
3680.5014933366
3771.62568022606
3742.11266260972
3747.88444120621
3742.04457123241
3715.42483279837
3710.68850877688
3746.6485537697
3800.17692160343
3688.89287508763
3807.8490302758
3648.6881636598
3758.36380370332
3778.51505040648
3749.72591294905
3711.48521454399
3762.20103860601
3707.00428618384
3747.18149916459
3724.81574155251
3766.78433928838
3733.967362147
3723.12052160135
3715.66528023549
3760.41980382674
3752.45623946231
3676.11528651455
3698.23833255311
3775.74635265026
3784.51144313918
3682.02320306305
3707.37407599077
3752.48502822345
3761.04346276378
3783.97883526838
3718.2938610394
3723.75438983987
3765.11076037891
3794.19654645332
3737.51310957304
3809.11104429464
3693.35717290467
3714.75300758165
3773.90153895212
3730.25884155634
3762.39169688176
3782.62719000638
3714.90899810777
3720.93437053035
3737.51914925583
3858.55267922081
3688.09824941114
3690.86514133831
3731.19199601801
3756.94753857649
3743.35534603392
3741.20600215496
3755.11298105961
3768.97368184169
3748.99922773502
3721.63995479912
3743.07015610078
3716.11703986546
3718.68299255886
3824.63041423012
3774.82616104687
3712.33899087244
3733.5476038875
3758.49950476091
3684.97032575964
3662.90390205564
3714.16967391319
