0.078779
0.111117
0.0493
0.075829
0.06802
0.076829
0.033311
0.05557
0.142145
0.061481
0.061679
0.081054
0.098767
0.041994
0.081219
0.104939
0.143831
0.047191
0.063159
0.042074
0.030984
0.037535
0.039834
0.067213
0.043212
0.060057
0.040479
0.082608
0.039693
0.058307
0.04793
0.120151
0.064776
0.040127
0.043443
0.032824
0.060939
0.053839
0.063536
0.062982
0.064743
0.071132
0.159426
0.141798
0.0509
0.036084
0.054445
0.055364
0.099485
0.029947
0.052513
0.055178
0.084531
0.063078
0.041707
0.074383
0.052881
0.059917
0.037548
0.050417
0.083856
0.057277
0.091712
0.056743
0.070626
0.111466
0.093571
0.040683
0.032548
0.032232
0.049525
0.025795
0.075041
0.055598
0.061013
0.089402
0.076924
0.07898
0.069025
0.088651
0.07989
0.041781
0.06757
0.109322
0.039787
0.04301
0.076304
0.041397
0.060722
0.041958
0.045699
0.032833
0.084909
0.088832
0.023837
0.071238
0.026356
0.057591
0.032925
0.059142
