4 5

0.4978983909823 0.00210160901769996 0.00210160901769996 0.4978983909823 

0.865425602597312 0.0501347549903099 0.0797197334231237 0.00471990898925462 
0.193209700876515 0.219734825260792 0.0305513146242289 0.556504159238464 
0.556504159238464 0.0305513146242289 0.219734825260792 0.193209700876515 
0.00471990898925462 0.0797197334231237 0.0501347549903099 0.865425602597312 

0.714805389836173 0.0665253543543673 0.00550927500419589 0.213159980805264 
0.594811126179509 0.280425393411934 0.0899235810784118 0.0348398993301448 
0.0348398993301448 0.0899235810784118 0.280425393411934 0.594811126179509 
0.213159980805264 0.00550927500419589 0.0665253543543673 0.714805389836173 

0.191920861496539 0.549326225753144 0.257387522577454 0.00136539017286372 
0.041096523902906 0.833866878897849 0.117265272629245 0.00777132456999971 
0.00777132456999971 0.117265272629245 0.833866878897849 0.041096523902906 
0.00136539017286372 0.257387522577454 0.549326225753144 0.191920861496539 

0.463634455748413 0.0158950462150576 0.14618128786516 0.374289210171369 
0.105957935536148 0.535644986548001 0.299282839917701 0.059114237998151 
0.059114237998151 0.299282839917701 0.535644986548001 0.105957935536148 
0.374289210171369 0.14618128786516 0.0158950462150576 0.463634455748413 

0.912116018783603 0.026432781768439 0.0260499595683061 0.0354012398796518 
0.0344216710717756 0.35205255214928 0.31835789480377 0.295167881975174 
0.295167881975174 0.31835789480377 0.35205255214928 0.0344216710717756 
0.0354012398796518 0.0260499595683061 0.026432781768439 0.912116018783603 


