4 5

0.194463321124204 0.305536678875796 0.305536678875796 0.194463321124204 

0.993329894973431 0.00410713492363603 0.00111562544460051 0.00144734465833241 
0.00138474631357706 0.98679996873709 0.000794224940436017 0.011021060008897 
0.011021060008897 0.000794224940436017 0.98679996873709 0.00138474631357706 
0.00144734465833241 0.00111562544460051 0.00410713492363603 0.993329894973431 

0.993089494463854 0.00271971896377147 0.000622251054324745 0.00356853551805009 
0.00308886602438166 0.987064956249331 0.00761013544198208 0.00223604228430526 
0.00223604228430526 0.00761013544198208 0.987064956249331 0.00308886602438166 
0.00356853551805009 0.000622251054324745 0.00271971896377147 0.993089494463854 

0.992721078998356 0.0028075429185499 9.96038780218822e-05 0.00437177420507201 
0.00661947330733743 0.98742817555317 0.00526927022472251 0.000683080914769812 
0.000683080914769812 0.00526927022472251 0.98742817555317 0.00661947330733743 
0.00437177420507201 9.96038780218822e-05 0.0028075429185499 0.992721078998356 

0.996403766838401 0.00197933904581104 0.000470883675747327 0.00114601044004026 
2.80323958522437e-05 0.983867882435755 0.0160381494601303 6.59357082623064e-05 
6.59357082623064e-05 0.0160381494601303 0.983867882435755 2.80323958522437e-05 
0.00114601044004026 0.000470883675747327 0.00197933904581104 0.996403766838401 

0.998664269372038 0.000210997890830912 9.01759007364435e-06 0.00111571514705788 
0.000401583085855221 0.981657412457255 0.0169880605945815 0.000952943862308293 
0.000952943862308293 0.0169880605945815 0.981657412457255 0.000401583085855221 
0.00111571514705788 9.01759007364435e-06 0.000210997890830912 0.998664269372038 


