4 5

0.0753984889015555 0.424601511098444 0.424601511098444 0.0753984889015555 

0.628283404786188 0.00476921882704274 0.0434666405622297 0.32348073582454 
0.458807431116623 0.299324547004257 0.231892772636505 0.00997524924261511 
0.00997524924261511 0.231892772636505 0.299324547004257 0.458807431116623 
0.32348073582454 0.0434666405622297 0.00476921882704274 0.628283404786188 

0.43943710024594 0.454872713713931 0.0103907148200542 0.0952994712200744 
0.2288287922668 0.532749519962324 0.0946017607269969 0.143819927043878 
0.143819927043878 0.0946017607269969 0.532749519962324 0.2288287922668 
0.0952994712200744 0.0103907148200542 0.454872713713931 0.43943710024594 

0.4288996199571 0.000770754348145303 0.471140093509128 0.0991895321856268 
0.00744805086055517 0.678379398528277 0.0173447934904984 0.29682775712067 
0.29682775712067 0.0173447934904984 0.678379398528277 0.00744805086055517 
0.0991895321856268 0.471140093509128 0.000770754348145303 0.4288996199571 

0.457227084392824 0.350806703474922 0.183468591109502 0.00849762102275167 
0.17583376673501 0.51027325715128 0.302370934985852 0.0115220411278586 
0.0115220411278586 0.302370934985852 0.51027325715128 0.17583376673501 
0.00849762102275167 0.183468591109502 0.350806703474922 0.457227084392824 

0.518107605324469 0.00121251798369453 0.00730128203245023 0.473378594659386 
0.0726247575498851 0.67990731186426 0.238613347128609 0.0088545834572465 
0.0088545834572465 0.238613347128609 0.67990731186426 0.0726247575498851 
0.473378594659386 0.00730128203245023 0.00121251798369453 0.518107605324469 


