4 5

0.211347336880863 0.288652663119137 0.288652663119137 0.211347336880863 

0.995557370368756 0.00103793791247569 0.00227856960641765 0.00112612211235047 
0.0207578227227898 0.974806961020886 0.00378297802758726 0.000652238228736697 
0.000652238228736697 0.00378297802758726 0.974806961020886 0.0207578227227898 
0.00112612211235047 0.00227856960641765 0.00103793791247569 0.995557370368756 

0.995228706794454 0.00435500707548325 0.00034979743377334 6.64886962896682e-05 
0.000222893418133073 0.97536151677781 0.0226091080434454 0.00180648176061128 
0.00180648176061128 0.0226091080434454 0.97536151677781 0.000222893418133073 
6.64886962896682e-05 0.00034979743377334 0.00435500707548325 0.995228706794454 

0.975835713152379 0.0150887980769424 0.00628411803859497 0.00279137073208402 
0.000878605514649779 0.99451592652065 0.0012949610591092 0.00331050690559067 
0.00331050690559067 0.0012949610591092 0.99451592652065 0.000878605514649779 
0.00279137073208402 0.00628411803859497 0.0150887980769424 0.975835713152379 

0.985536073497297 0.00241483247506554 0.00444716405071514 0.00760192997692272 
0.00456560562209091 0.984766299378717 0.00499194530107394 0.00567614969811797 
0.00567614969811797 0.00499194530107394 0.984766299378717 0.00456560562209091 
0.00760192997692272 0.00444716405071514 0.00241483247506554 0.985536073497297 

0.993483365774543 2.57001243760831e-05 0.000142578048612618 0.00634835605246881 
0.000200323566205114 0.977084887466804 0.0222698848026375 0.000444904164353636 
0.000444904164353636 0.0222698848026375 0.977084887466804 0.000200323566205114 
0.00634835605246881 0.000142578048612618 2.57001243760831e-05 0.993483365774543 


