4 5

0.463880300638266 0.0361196993617341 0.0361196993617341 0.463880300638266 

0.981223777755901 0.0172171974267718 0.000271652447307846 0.00128737237001919 
3.39804090515312e-05 0.989050138120727 0.00806280279049221 0.00285307867972964 
0.00285307867972964 0.00806280279049221 0.989050138120727 3.39804090515312e-05 
0.00128737237001919 0.000271652447307846 0.0172171974267718 0.981223777755901 

0.994315448356152 0.000322750362974641 0.000406469726952955 0.00495533155392025 
0.00561746385574095 0.976014947192735 0.000389008817745118 0.0179785801337786 
0.0179785801337786 0.000389008817745118 0.976014947192735 0.00561746385574095 
0.00495533155392025 0.000406469726952955 0.000322750362974641 0.994315448356152 

0.985024005548324 0.00292354567489394 0.000499534266143807 0.011552914510638 
0.00145621492839933 0.985289678117599 0.00526555154761682 0.00798855540638508 
0.00798855540638508 0.00526555154761682 0.985289678117599 0.00145621492839933 
0.011552914510638 0.000499534266143807 0.00292354567489394 0.985024005548324 

0.981931211970261 3.092761909663e-05 7.28639417770705e-05 0.0179649964688657 
2.99011016360688e-06 0.988534751553696 0.0114516047174238 1.06536187170788e-05 
1.06536187170788e-05 0.0114516047174238 0.988534751553696 2.99011016360688e-06 
0.0179649964688657 7.28639417770705e-05 3.092761909663e-05 0.981931211970261 

0.995024928604172 0.00260304500218417 0.000585257952301517 0.00178676844134212 
0.0014543448317272 0.975348614880503 0.00853158611738819 0.0146654541703817 
0.0146654541703817 0.00853158611738819 0.975348614880503 0.0014543448317272 
0.00178676844134212 0.000585257952301517 0.00260304500218417 0.995024928604172 


