4 5

0.267142356256954 0.232857643743046 0.232857643743046 0.267142356256954 

0.969638323472429 0.00783436541886112 0.0212702069157036 0.00125710419300601 
0.00357496774275788 0.990956319413962 0.00330341396338407 0.00216529887989649 
0.00216529887989649 0.00330341396338407 0.990956319413962 0.00357496774275788 
0.00125710419300601 0.0212702069157036 0.00783436541886112 0.969638323472429 

0.979791647725379 0.0137230193337401 0.00418886875603848 0.00229646418484247 
0.000531690292009361 0.980788601551706 0.0183263870044328 0.0003533211518523 
0.0003533211518523 0.0183263870044328 0.980788601551706 0.000531690292009361 
0.00229646418484247 0.00418886875603848 0.0137230193337401 0.979791647725379 

0.985439593011208 0.00339224600586984 0.00749325271255508 0.00367490827036682 
0.0117811795054883 0.97511077862526 0.0113122515289415 0.00179579034030976 
0.00179579034030976 0.0113122515289415 0.97511077862526 0.0117811795054883 
0.00367490827036682 0.00749325271255508 0.00339224600586984 0.985439593011208 

0.980108699286475 0.0134907230744561 0.000490518181414558 0.00591005945765477 
0.00187708552416587 0.980354743700661 0.00602504807419885 0.0117431227009743 
0.0117431227009743 0.00602504807419885 0.980354743700661 0.00187708552416587 
0.00591005945765477 0.000490518181414558 0.0134907230744561 0.980108699286475 

0.992660329967657 0.00529553472327385 0.00068825815597792 0.00135587715309166 
0.000765646265688983 0.968118042516873 0.0203265476580247 0.010789763559413 
0.010789763559413 0.0203265476580247 0.968118042516873 0.000765646265688983 
0.00135587715309166 0.00068825815597792 0.00529553472327385 0.992660329967657 


