4 5

0.0899762400658801 0.41002375993412 0.41002375993412 0.0899762400658801 

0.40900322401717 0.121628935624705 0.0824763137905231 0.386891526567603 
0.195531693498634 0.650387959754317 0.139136516757802 0.0149438299892469 
0.0149438299892469 0.139136516757802 0.650387959754317 0.195531693498634 
0.386891526567603 0.0824763137905231 0.121628935624705 0.40900322401717 

0.414577753018892 0.00826195605444122 0.32067011836421 0.256490172562457 
0.0079514781649016 0.653303357229591 0.0440135912442628 0.294731573361245 
0.294731573361245 0.0440135912442628 0.653303357229591 0.0079514781649016 
0.256490172562457 0.32067011836421 0.00826195605444122 0.414577753018892 

0.899319227564776 0.000380406619982615 0.0111886910355282 0.0891116747797131 
0.0308298000517967 0.484351744370734 0.481512994115775 0.00330546146169384 
0.00330546146169384 0.481512994115775 0.484351744370734 0.0308298000517967 
0.0891116747797131 0.0111886910355282 0.000380406619982615 0.899319227564776 

0.582710299875454 0.0503868674303475 0.00169631909824659 0.365206513595952 
0.511010155583448 0.280021238232092 0.148839732955765 0.0601288732286948 
0.0601288732286948 0.148839732955765 0.280021238232092 0.511010155583448 
0.365206513595952 0.00169631909824659 0.0503868674303475 0.582710299875454 

0.486869113793418 0.00563002179118314 0.0245945663365893 0.482906298078809 
0.0745567483389833 0.821384817932194 0.023213465519625 0.0808449682091982 
0.0808449682091982 0.023213465519625 0.821384817932194 0.0745567483389833 
0.482906298078809 0.0245945663365893 0.00563002179118314 0.486869113793418 


