4 5

0.361777937039733 0.138222062960267 0.138222062960267 0.361777937039733 

0.98639909257268 0.00101527883443487 0.00637214198152679 0.00621348661135834 
0.000316466338590893 0.993760772496033 0.00215104228569762 0.00377171887967836 
0.00377171887967836 0.00215104228569762 0.993760772496033 0.000316466338590893 
0.00621348661135834 0.00637214198152679 0.00101527883443487 0.98639909257268 

0.989782309387861 0.000860046755271027 0.00662136844524901 0.00273627541161869 
0.00152002256711928 0.990365073190517 0.0020678871443045 0.00604701709805885 
0.00604701709805885 0.0020678871443045 0.990365073190517 0.00152002256711928 
0.00273627541161869 0.00662136844524901 0.000860046755271027 0.989782309387861 

0.989524132563053 0.00864957570362802 0.000818690760170483 0.0010076009731485 
0.000612870915389643 0.990591766020983 0.00339735940171648 0.00539800366191045 
0.00539800366191045 0.00339735940171648 0.990591766020983 0.000612870915389643 
0.0010076009731485 0.000818690760170483 0.00864957570362802 0.989524132563053 

0.989100828949019 8.12472932952306e-05 0.0102791924771882 0.000538731280497251 
0.00760288788024106 0.991013451995745 0.00013536244537371 0.00124829767863992 
0.00124829767863992 0.00013536244537371 0.991013451995745 0.00760288788024106 
0.000538731280497251 0.0102791924771882 8.12472932952306e-05 0.989100828949019 

0.987620022661902 0.00433224758167477 4.68293226624844e-05 0.00800090043376117 
0.000230240722349247 0.992541079912452 0.00659165195488198 0.000637027410316775 
0.000637027410316775 0.00659165195488198 0.992541079912452 0.000230240722349247 
0.00800090043376117 4.68293226624844e-05 0.00433224758167477 0.987620022661902 


