4 5

0.489739869488403 0.0102601305115968 0.0102601305115968 0.489739869488403 

0.991585350346773 0.000762396131272003 0.000162337531047707 0.00748991599090765 
3.44822750702648e-06 0.988601163297977 0.0105351117883682 0.000860276686147469 
0.000860276686147469 0.0105351117883682 0.988601163297977 3.44822750702648e-06 
0.00748991599090765 0.000162337531047707 0.000762396131272003 0.991585350346773 

0.989739170963373 0.00232394907710194 0.00775815140944918 0.000178728550075669 
0.0018546534467278 0.990395218453222 0.00745906490169346 0.000291063198356981 
0.000291063198356981 0.00745906490169346 0.990395218453222 0.0018546534467278 
0.000178728550075669 0.00775815140944918 0.00232394907710194 0.989739170963373 

0.987477971531776 0.00130728161895119 0.00989080056145211 0.00132394628782034 
0.0032474388489239 0.992647899105016 0.00316381608420585 0.000940845961853916 
0.000940845961853916 0.00316381608420585 0.992647899105016 0.0032474388489239 
0.00132394628782034 0.00989080056145211 0.00130728161895119 0.987477971531776 

0.993513139037992 1.65587199403686e-05 0.000946719032207404 0.00552358320986068 
0.00213603521470069 0.986676446725939 0.0111071612169096 8.03568424507174e-05 
8.03568424507174e-05 0.0111071612169096 0.986676446725939 0.00213603521470069 
0.00552358320986068 0.000946719032207404 1.65587199403686e-05 0.993513139037992 

0.995221992802729 0.00118583214925245 2.28407591750685e-05 0.00356933428884387 
1.6793603734952e-05 0.984923545045726 0.0049637980144614 0.0100958633360775 
0.0100958633360775 0.0049637980144614 0.984923545045726 1.6793603734952e-05 
0.00356933428884387 2.28407591750685e-05 0.00118583214925245 0.995221992802729 


