4 5

0.326265365700237 0.173734634299763 0.173734634299763 0.326265365700237 

0.599464721581733 0.0189132299072561 0.0316211266365577 0.350000921874453 
0.0321170163647164 0.473500210954216 0.472520938495165 0.0218618341859024 
0.0218618341859024 0.472520938495165 0.473500210954216 0.0321170163647164 
0.350000921874453 0.0316211266365577 0.0189132299072561 0.599464721581733 

0.118491571235839 0.392668395218011 0.471922920289033 0.0169171132571173 
0.0184419234900617 0.508217213329978 0.408344620264878 0.0649962429150825 
0.0649962429150825 0.408344620264878 0.508217213329978 0.0184419234900617 
0.0169171132571173 0.471922920289033 0.392668395218011 0.118491571235839 

0.486019316818169 0.0261383236449137 0.0023093726143014 0.485532986922616 
0.00294532092770675 0.899485599311252 0.0964619829420375 0.00110709681900331 
0.00110709681900331 0.0964619829420375 0.899485599311252 0.00294532092770675 
0.485532986922616 0.0023093726143014 0.0261383236449137 0.486019316818169 

0.637442219491635 0.142334301486495 0.0321371145626822 0.188086364459188 
0.102304826647145 0.448894226699734 0.427874507194694 0.0209264394584261 
0.0209264394584261 0.427874507194694 0.448894226699734 0.102304826647145 
0.188086364459188 0.0321371145626822 0.142334301486495 0.637442219491635 

0.518295508316657 0.000268508089940889 0.0547423712018351 0.426693612391567 
0.0351537367014356 0.394061600612094 0.168552654871035 0.402232007815436 
0.402232007815436 0.168552654871035 0.394061600612094 0.0351537367014356 
0.426693612391567 0.0547423712018351 0.000268508089940889 0.518295508316657 


