4 5

0.363767383969389 0.136232616030611 0.136232616030611 0.363767383969389 

0.513417884189335 0.0770854414680544 0.0026184140650377 0.406878260277572 
0.009379065732595 0.40595108298959 0.318733492958603 0.265936358319212 
0.265936358319212 0.318733492958603 0.40595108298959 0.009379065732595 
0.406878260277572 0.0026184140650377 0.0770854414680544 0.513417884189335 

0.3960393754198 0.432161650141847 0.16331211256089 0.0084868618774627 
0.00892434380698816 0.528315052252888 0.418359474573491 0.0444011293666326 
0.0444011293666326 0.418359474573491 0.528315052252888 0.00892434380698816 
0.0084868618774627 0.16331211256089 0.432161650141847 0.3960393754198 

0.41201465003519 0.375511479533891 0.059167771912605 0.153306098518314 
0.0170474117766658 0.55994282133507 0.416439388179324 0.00657037870894076 
0.00657037870894076 0.416439388179324 0.55994282133507 0.0170474117766658 
0.153306098518314 0.059167771912605 0.375511479533891 0.41201465003519 

0.513598966916484 0.0385683311326401 0.0132295853322697 0.434603116618606 
0.0365465983924093 0.479442705136208 0.185256424921507 0.298754271549875 
0.298754271549875 0.185256424921507 0.479442705136208 0.0365465983924093 
0.434603116618606 0.0132295853322697 0.0385683311326401 0.513598966916484 

0.530613419374965 0.413414958904312 0.052400593761801 0.00357102795892117 
0.251442743811861 0.466030058716145 0.162332643671854 0.120194553800141 
0.120194553800141 0.162332643671854 0.466030058716145 0.251442743811861 
0.00357102795892117 0.052400593761801 0.413414958904312 0.530613419374965 


