4 5

0.126873336499557 0.373126663500443 0.373126663500443 0.126873336499557 

0.964554203721723 0.00807758038228958 0.00424842327485751 0.0231197926211295 
0.000211130071514376 0.996391827241804 0.00247823647525874 0.000918806211423406 
0.000918806211423406 0.00247823647525874 0.996391827241804 0.000211130071514376 
0.0231197926211295 0.00424842327485751 0.00807758038228958 0.964554203721723 

0.9734755147253 0.00583868511621613 0.000471420454964265 0.0202143797035194 
4.88902112851675e-05 0.987187231649353 0.00202954074303086 0.0107343373963312 
0.0107343373963312 0.00202954074303086 0.987187231649353 4.88902112851675e-05 
0.0202143797035194 0.000471420454964265 0.00583868511621613 0.9734755147253 

0.989338785871831 0.00898526067220044 9.95384592358955e-05 0.00157641499673261 
0.0023358829435466 0.971515625557666 0.0260824762560697 6.60152427176444e-05 
6.60152427176444e-05 0.0260824762560697 0.971515625557666 0.0023358829435466 
0.00157641499673261 9.95384592358955e-05 0.00898526067220044 0.989338785871831 

0.978177003387616 0.000936296806594327 0.00205157401584069 0.0188351257899488 
0.00024348368941994 0.982532255608333 0.0154671179197414 0.00175714278250606 
0.00175714278250606 0.0154671179197414 0.982532255608333 0.00024348368941994 
0.0188351257899488 0.00205157401584069 0.000936296806594327 0.978177003387616 

0.974557354561941 0.0197506685395574 0.0031301096231235 0.00256186727537855 
0.0105309500937684 0.986095886497757 0.0017989373982174 0.00157422601025707 
0.00157422601025707 0.0017989373982174 0.986095886497757 0.0105309500937684 
0.00256186727537855 0.0031301096231235 0.0197506685395574 0.974557354561941 


