4 5

0.206098763504997 0.293901236495003 0.293901236495003 0.206098763504997 

0.982720671717572 0.0136392260185164 0.00297757192737158 0.000662530336539957 
0.000114496836067902 0.997438783417809 0.00203110360604591 0.000415616140077123 
0.000415616140077123 0.00203110360604591 0.997438783417809 0.000114496836067902 
0.000662530336539957 0.00297757192737158 0.0136392260185164 0.982720671717572 

0.992050851360408 5.74540119680399e-05 3.39330498084669e-06 0.00788830132264284 
7.08788087570513e-05 0.988130324221925 0.00955778821219155 0.00224100875712602 
0.00224100875712602 0.00955778821219155 0.988130324221925 7.08788087570513e-05 
0.00788830132264284 3.39330498084669e-06 5.74540119680399e-05 0.992050851360408 

0.980798745552433 0.00202465284481707 0.00013822852828609 0.0170383730744638 
0.000103557768050373 0.999539289979651 0.000351737116794204 5.41513550445405e-06 
5.41513550445405e-06 0.000351737116794204 0.999539289979651 0.000103557768050373 
0.0170383730744638 0.00013822852828609 0.00202465284481707 0.980798745552433 

0.992698899335295 0.00135058445523531 0.000239636256160279 0.00571087995330938 
0.0112680387720323 0.987439949065134 0.000834344228661188 0.000457667934172153 
0.000457667934172153 0.000834344228661188 0.987439949065134 0.0112680387720323 
0.00571087995330938 0.000239636256160279 0.00135058445523531 0.992698899335295 

0.998877488352947 1.47950434686439e-05 0.00025668138871597 0.000851035214868012 
0.00587648304512763 0.981345302501297 0.00926950337739779 0.00350871107617726 
0.00350871107617726 0.00926950337739779 0.981345302501297 0.00587648304512763 
0.000851035214868012 0.00025668138871597 1.47950434686439e-05 0.998877488352947 


