4 5

0.360385909792967 0.139614090207033 0.139614090207033 0.360385909792967 

0.993028103371125 0.0019821008126941 0.000271861115173323 0.00471793470100745 
0.00653015968864001 0.987124603355309 0.00627308675715832 7.21501988929594e-05 
7.21501988929594e-05 0.00627308675715832 0.987124603355309 0.00653015968864001 
0.00471793470100745 0.000271861115173323 0.0019821008126941 0.993028103371125 

0.990171675871166 0.00409168755991196 0.00139033976292557 0.00434629680599685 
0.00558173688372996 0.989967073752957 0.00298984033318461 0.00146134903012887 
0.00146134903012887 0.00298984033318461 0.989967073752957 0.00558173688372996 
0.00434629680599685 0.00139033976292557 0.00409168755991196 0.990171675871166 

0.984914252924007 5.39984707872e-06 0.00198142941209709 0.0130989178168167 
0.00120979849425229 0.995306276061063 0.00347906882199178 4.85662269267013e-06 
4.85662269267013e-06 0.00347906882199178 0.995306276061063 0.00120979849425229 
0.0130989178168167 0.00198142941209709 5.39984707872e-06 0.984914252924007 

0.996929372143118 1.55471781495897e-06 0.000286801740363859 0.00278227139870346 
8.08241375537038e-05 0.98323066129897 0.00319167366043571 0.0134968409030404 
0.0134968409030404 0.00319167366043571 0.98323066129897 8.08241375537038e-05 
0.00278227139870346 0.000286801740363859 1.55471781495897e-06 0.996929372143118 

0.99433358795323 0.000637668553079397 0.00432587642881238 0.00070286706487821 
0.0135744126832543 0.985795500950067 0.000158497400424285 0.000471588966254315 
0.000471588966254315 0.000158497400424285 0.985795500950067 0.0135744126832543 
0.00070286706487821 0.00432587642881238 0.000637668553079397 0.99433358795323 


