4 5

0.340325533179566 0.159674466820434 0.159674466820434 0.340325533179566 

0.512301336021738 0.0232974874545633 0.0859970361318465 0.378404140391853 
0.247086581138664 0.423954091833561 0.319635611070905 0.00932371595687065 
0.00932371595687065 0.319635611070905 0.423954091833561 0.247086581138664 
0.378404140391853 0.0859970361318465 0.0232974874545633 0.512301336021738 

0.462643069096295 0.23469163719637 0.239106408184027 0.0635588855233078 
0.0577143772034629 0.460914360903598 0.299306522202287 0.182064739690652 
0.182064739690652 0.299306522202287 0.460914360903598 0.0577143772034629 
0.0635588855233078 0.239106408184027 0.23469163719637 0.462643069096295 

0.479263001285324 0.055378891196034 0.00616860223522485 0.459189505283417 
0.00231125477011512 0.833417543972762 0.0245827102888814 0.139688490968242 
0.139688490968242 0.0245827102888814 0.833417543972762 0.00231125477011512 
0.459189505283417 0.00616860223522485 0.055378891196034 0.479263001285324 

0.341866389823981 0.0352287501392912 0.327865232724521 0.295039627312207 
0.132111492143093 0.614044658476381 0.1950228086245 0.058821040756026 
0.058821040756026 0.1950228086245 0.614044658476381 0.132111492143093 
0.295039627312207 0.327865232724521 0.0352287501392912 0.341866389823981 

0.477358823510136 0.00172616898802912 0.114295622604754 0.406619384897081 
0.0549198484414662 0.699979001835042 0.0352182065863754 0.209882943137116 
0.209882943137116 0.0352182065863754 0.699979001835042 0.0549198484414662 
0.406619384897081 0.114295622604754 0.00172616898802912 0.477358823510136 


