4 5

0.363497563404962 0.136502436595038 0.136502436595038 0.363497563404962 

0.453952816566486 0.420216955672715 0.00175422500307332 0.124076002757726 
0.149322247259988 0.513641651211884 0.330324356537075 0.00671174499105326 
0.00671174499105326 0.330324356537075 0.513641651211884 0.149322247259988 
0.124076002757726 0.00175422500307332 0.420216955672715 0.453952816566486 

0.595112729351688 0.00150925028580162 0.281748628972202 0.121629391390308 
0.00987424732700949 0.481614789035816 0.454269906373473 0.0542410572637013 
0.0542410572637013 0.454269906373473 0.481614789035816 0.00987424732700949 
0.121629391390308 0.281748628972202 0.00150925028580162 0.595112729351688 

0.470060486214509 0.0559615396581059 0.0122570212948256 0.46172095283256 
0.158809937956351 0.705116903778263 0.0849651061630025 0.0511080521023835 
0.0511080521023835 0.0849651061630025 0.705116903778263 0.158809937956351 
0.46172095283256 0.0122570212948256 0.0559615396581059 0.470060486214509 

0.507151277797847 0.0142272431660749 0.178895534000684 0.299725945035394 
0.231262510004454 0.259166385261422 0.148952084781865 0.360619019952259 
0.360619019952259 0.148952084781865 0.259166385261422 0.231262510004454 
0.299725945035394 0.178895534000684 0.0142272431660749 0.507151277797847 

0.545111557091167 0.0198253145375903 0.278403844013899 0.156659284357344 
0.00627777965296303 0.431005930795548 0.172817401193471 0.389898888358018 
0.389898888358018 0.172817401193471 0.431005930795548 0.00627777965296303 
0.156659284357344 0.278403844013899 0.0198253145375903 0.545111557091167 


