4 5

0.433173751691356 0.0668262483086437 0.0668262483086437 0.433173751691356 

0.481646850177406 0.000723136090417346 0.0539832758632264 0.46364673786895 
0.000620196105970267 0.51262804018675 0.482719556393897 0.00403220731338287 
0.00403220731338287 0.482719556393897 0.51262804018675 0.000620196105970267 
0.46364673786895 0.0539832758632264 0.000723136090417346 0.481646850177406 

0.329658281991686 0.338674762208887 0.00300102370826449 0.328665932091163 
0.000520878234965671 0.842489564676999 0.156975971348576 1.35857394586885e-05 
1.35857394586885e-05 0.156975971348576 0.842489564676999 0.000520878234965671 
0.328665932091163 0.00300102370826449 0.338674762208887 0.329658281991686 

0.543418932011184 0.210142674979859 0.142083601656039 0.104354791352918 
0.505105752725244 0.245302338279373 0.167096260877079 0.0824956481183047 
0.0824956481183047 0.167096260877079 0.245302338279373 0.505105752725244 
0.104354791352918 0.142083601656039 0.210142674979859 0.543418932011184 

0.868279549976472 0.0707253612312327 0.000338972343737073 0.0606561164485583 
0.0940121849180217 0.457005214487366 0.448367559761677 0.000615040832935072 
0.000615040832935072 0.448367559761677 0.457005214487366 0.0940121849180217 
0.0606561164485583 0.000338972343737073 0.0707253612312327 0.868279549976472 

0.492380547032282 0.00111740926876363 0.0181807659168666 0.488321277782088 
0.010013754359706 0.570719919627661 0.386358271316513 0.0329080546961201 
0.0329080546961201 0.386358271316513 0.570719919627661 0.010013754359706 
0.488321277782088 0.0181807659168666 0.00111740926876363 0.492380547032282 


