4 5

0.226598370820284 0.273401629179716 0.273401629179716 0.226598370820284 

0.555816566152792 0.00974379004751064 0.00172011962848367 0.432719524171214 
0.0333721274475101 0.548108216406093 0.386884429373808 0.0316352267725883 
0.0316352267725883 0.386884429373808 0.548108216406093 0.0333721274475101 
0.432719524171214 0.00172011962848367 0.00974379004751064 0.555816566152792 

0.366324019241137 0.215189083207604 0.0718353937633835 0.346651503787875 
0.0053266491192707 0.785126557738662 0.0799692099876133 0.129577583154454 
0.129577583154454 0.0799692099876133 0.785126557738662 0.0053266491192707 
0.346651503787875 0.0718353937633835 0.215189083207604 0.366324019241137 

0.367465892486331 0.0241851275725495 0.255081471962281 0.353267507978839 
0.115512675005927 0.829929607962079 0.0269913869021228 0.027566330129871 
0.027566330129871 0.0269913869021228 0.829929607962079 0.115512675005927 
0.353267507978839 0.255081471962281 0.0241851275725495 0.367465892486331 

0.603965616162336 0.00939058308741508 0.00188882203386104 0.384754978716387 
0.0900377118388107 0.498322758846632 0.401559430405011 0.0100800989095465 
0.0100800989095465 0.401559430405011 0.498322758846632 0.0900377118388107 
0.384754978716387 0.00188882203386104 0.00939058308741508 0.603965616162336 

0.755359542743216 0.00320340149144633 0.0676726822168502 0.173764373548488 
0.278597273452172 0.362577712383631 0.341876025338491 0.0169489888257065 
0.0169489888257065 0.341876025338491 0.362577712383631 0.278597273452172 
0.173764373548488 0.0676726822168502 0.00320340149144633 0.755359542743216 


