4 5

0.190423625521362 0.309576374478638 0.309576374478638 0.190423625521362 

0.985800695508461 0.000895344113645965 0.0036089351242186 0.00969502525367483 
0.00200560679044088 0.994377045745411 0.00105046194202568 0.00256688552212286 
0.00256688552212286 0.00105046194202568 0.994377045745411 0.00200560679044088 
0.00969502525367483 0.0036089351242186 0.000895344113645965 0.985800695508461 

0.999096849272181 7.97112862972158e-05 0.000201491243469939 0.000621948198051891 
0.0158958827514915 0.981087681519084 0.00152774626236718 0.00148868946705712 
0.00148868946705712 0.00152774626236718 0.981087681519084 0.0158958827514915 
0.000621948198051891 0.000201491243469939 7.97112862972158e-05 0.999096849272181 

0.985468185980646 0.00217434057761607 0.000103999756641928 0.0122534736850956 
0.000115004527819241 0.994736819194229 0.00367268395455872 0.00147549232339347 
0.00147549232339347 0.00367268395455872 0.994736819194229 0.000115004527819241 
0.0122534736850956 0.000103999756641928 0.00217434057761607 0.985468185980646 

0.99600871709753 0.00321084018113018 8.55896256409556e-05 0.000694853095698778 
1.7766422907896e-05 0.984143323320703 0.00556829484250015 0.0102706154138889 
0.0102706154138889 0.00556829484250015 0.984143323320703 1.7766422907896e-05 
0.000694853095698778 8.55896256409556e-05 0.00321084018113018 0.99600871709753 

0.997061527215061 0.00141471558982741 0.00010750033572183 0.0014162568593899 
6.38511903337891e-05 0.983205636458846 0.0151659178929227 0.00156459445789782 
0.00156459445789782 0.0151659178929227 0.983205636458846 6.38511903337891e-05 
0.0014162568593899 0.00010750033572183 0.00141471558982741 0.997061527215061 


