4 5

0.00693232414778322 0.493067675852217 0.493067675852217 0.00693232414778322 

0.56335165525671 0.0140044387241727 0.138028534186087 0.284615371833031 
0.0120832711842378 0.369385896560155 0.133709025660045 0.484821806595562 
0.484821806595562 0.133709025660045 0.369385896560155 0.0120832711842378 
0.284615371833031 0.138028534186087 0.0140044387241727 0.56335165525671 

0.58977198277701 0.0525692572752235 0.204477230923031 0.153181529024736 
0.0100067757468102 0.489331513238199 0.476338010619864 0.0243237003951277 
0.0243237003951277 0.476338010619864 0.489331513238199 0.0100067757468102 
0.153181529024736 0.204477230923031 0.0525692572752235 0.58977198277701 

0.755253330502897 0.0248531514834225 0.00777013226865095 0.21212338574503 
0.000547923185378647 0.50126718592404 0.49657237376558 0.00161251712500123 
0.00161251712500123 0.49657237376558 0.50126718592404 0.000547923185378647 
0.21212338574503 0.00777013226865095 0.0248531514834225 0.755253330502897 

0.149906887255045 0.611374710345761 0.151165291129085 0.0875531112701089 
0.0102085988324268 0.615406226615577 0.373168549952232 0.00121662459976483 
0.00121662459976483 0.373168549952232 0.615406226615577 0.0102085988324268 
0.0875531112701089 0.151165291129085 0.611374710345761 0.149906887255045 

0.397906114638623 0.0436583571172631 0.164238920354626 0.394196607889487 
0.0473933830783373 0.882302903821682 0.0259180496415613 0.0443856634584199 
0.0443856634584199 0.0259180496415613 0.882302903821682 0.0473933830783373 
0.394196607889487 0.164238920354626 0.0436583571172631 0.397906114638623 


