4 5

0.132292502908967 0.367707497091033 0.367707497091033 0.132292502908967 

0.966174134663386 0.000234764877472631 0.0248083950793762 0.00878270537976555 
0.00116659834019515 0.994487246366253 0.00388277744231574 0.000463377851235752 
0.000463377851235752 0.00388277744231574 0.994487246366253 0.00116659834019515 
0.00878270537976555 0.0248083950793762 0.000234764877472631 0.966174134663386 

0.996851464827201 0.000346235845881476 0.00210402146192421 0.000698277864993491 
0.0025924463669439 0.963895028981016 0.000480701828877328 0.0330318228231627 
0.0330318228231627 0.000480701828877328 0.963895028981016 0.0025924463669439 
0.000698277864993491 0.00210402146192421 0.000346235845881476 0.996851464827201 

0.968563034854956 0.000316234206188053 0.0135130268145027 0.0176077041243534 
4.15766745551324e-06 0.99217146854259 0.007415135290888 0.000409238499066515 
0.000409238499066515 0.007415135290888 0.99217146854259 4.15766745551324e-06 
0.0176077041243534 0.0135130268145027 0.000316234206188053 0.968563034854956 

0.961752810667932 0.0035950797285815 0.00094321421581226 0.0337088953876742 
1.35988424448866e-05 0.999612647304716 0.000318386299285434 5.53675535535178e-05 
5.53675535535178e-05 0.000318386299285434 0.999612647304716 1.35988424448866e-05 
0.0337088953876742 0.00094321421581226 0.0035950797285815 0.961752810667932 

0.976224901148818 0.00211254642218802 0.00701646394490366 0.0146460884840904 
0.000103142002891412 0.984405180418413 0.0133157971783041 0.0021758804003914 
0.0021758804003914 0.0133157971783041 0.984405180418413 0.000103142002891412 
0.0146460884840904 0.00701646394490366 0.00211254642218802 0.976224901148818 


