4 5

0.109097917331383 0.390902082668617 0.390902082668617 0.109097917331383 

0.996481259936797 0.000371070008510097 0.00296895875782001 0.00017871129687308 
0.0159354448120059 0.98366682958618 7.17937516599432e-05 0.000325931850154137 
0.000325931850154137 7.17937516599432e-05 0.98366682958618 0.0159354448120059 
0.00017871129687308 0.00296895875782001 0.000371070008510097 0.996481259936797 

0.995767147742759 0.000156331149490635 6.74745021761625e-05 0.00400904660557422 
0.000110799656635447 0.984493421007211 0.0153758770855926 1.99022505608816e-05 
1.99022505608816e-05 0.0153758770855926 0.984493421007211 0.000110799656635447 
0.00400904660557422 6.74745021761625e-05 0.000156331149490635 0.995767147742759 

0.993433719660174 0.00165714260182373 8.65145178483029e-06 0.00490048628621748 
0.00838940099236465 0.98671143541838 0.00396533501472635 0.000933828574528702 
0.000933828574528702 0.00396533501472635 0.98671143541838 0.00838940099236465 
0.00490048628621748 8.65145178483029e-06 0.00165714260182373 0.993433719660174 

0.99019348860822 0.000316514792501968 0.00471620559984551 0.00477379099943209 
0.00012347229503851 0.989955010708611 0.00313481486830131 0.00678670212804877 
0.00678670212804877 0.00313481486830131 0.989955010708611 0.00012347229503851 
0.00477379099943209 0.00471620559984551 0.000316514792501968 0.99019348860822 

0.981992647111958 0.0114196790151244 0.000119746153199796 0.00646792771971744 
0.000906534303138774 0.998205659112446 0.000815703968941983 7.21026154735557e-05 
7.21026154735557e-05 0.000815703968941983 0.998205659112446 0.000906534303138774 
0.00646792771971744 0.000119746153199796 0.0114196790151244 0.981992647111958 


