4 5

0.474839356262237 0.0251606437377632 0.0251606437377632 0.474839356262237 

0.983498034188493 0.000412193775401897 3.517756493338e-06 0.0160862542796114 
0.000756620115457104 0.996781736060479 0.00236246577207233 9.91780519919691e-05 
9.91780519919691e-05 0.00236246577207233 0.996781736060479 0.000756620115457104 
0.0160862542796114 3.517756493338e-06 0.000412193775401897 0.983498034188493 

0.98599795472466 3.48827421593298e-05 1.76607772600825e-05 0.0139495017559206 
0.000385572214664938 0.994218289586281 0.000808920247226341 0.00458721795182816 
0.00458721795182816 0.000808920247226341 0.994218289586281 0.000385572214664938 
0.0139495017559206 1.76607772600825e-05 3.48827421593298e-05 0.98599795472466 

0.99044164448658 2.29688686836796e-05 8.78420870940164e-05 0.00944754455764224 
0.00465014491166005 0.989706038633695 0.00219143382052911 0.00345238263411596 
0.00345238263411596 0.00219143382052911 0.989706038633695 0.00465014491166005 
0.00944754455764224 8.78420870940164e-05 2.29688686836796e-05 0.99044164448658 

0.994961501829304 0.00442866600484472 0.000515433152449381 9.43990134015249e-05 
0.0147065352506055 0.985227906941714 6.14031900564305e-06 5.94174886744221e-05 
5.94174886744221e-05 6.14031900564305e-06 0.985227906941714 0.0147065352506055 
9.43990134015249e-05 0.000515433152449381 0.00442866600484472 0.994961501829304 

0.987114532573178 0.000875768758373369 6.81475746976893e-06 0.0120028839109792 
0.0023821004960218 0.993077852311245 0.00409935650251969 0.000440690690213159 
0.000440690690213159 0.00409935650251969 0.993077852311245 0.0023821004960218 
0.0120028839109792 6.81475746976893e-06 0.000875768758373369 0.987114532573178 


