4 5

0.0988618808332831 0.401138119166717 0.401138119166717 0.0988618808332831 

0.993323950605207 0.000678699682077238 0.00546235494234237 0.000534994770373887 
0.00416347676364658 0.977070052347199 0.000764590448273594 0.0180018804408805 
0.0180018804408805 0.000764590448273594 0.977070052347199 0.00416347676364658 
0.000534994770373887 0.00546235494234237 0.000678699682077238 0.993323950605207 

0.985435410110485 0.000268268556835922 0.00931597825418929 0.00498034307848993 
2.05617811911939e-05 0.984918713726283 0.00315935800483991 0.0119013664876862 
0.0119013664876862 0.00315935800483991 0.984918713726283 2.05617811911939e-05 
0.00498034307848993 0.00931597825418929 0.000268268556835922 0.985435410110485 

0.993501261191237 0.000127239510777991 0.00341779799743523 0.0029537013005495 
0.002843861426528 0.976867909753734 0.00674601008286568 0.0135422187368723 
0.0135422187368723 0.00674601008286568 0.976867909753734 0.002843861426528 
0.0029537013005495 0.00341779799743523 0.000127239510777991 0.993501261191237 

0.983782040613486 0.00286722339936607 0.00608329040589062 0.00726744558125753 
2.95459226055961e-05 0.986561727751143 0.0134042295909689 4.49673528249319e-06 
4.49673528249319e-06 0.0134042295909689 0.986561727751143 2.95459226055961e-05 
0.00726744558125753 0.00608329040589062 0.00286722339936607 0.983782040613486 

0.980902729753178 0.00302315714522516 0.000715002588504552 0.0153591105130927 
1.76740125507723e-05 0.989501316740502 0.0088624720714765 0.00161853717547038 
0.00161853717547038 0.0088624720714765 0.989501316740502 1.76740125507723e-05 
0.0153591105130927 0.000715002588504552 0.00302315714522516 0.980902729753178 


