4 5

0.242393728112802 0.257606271887198 0.257606271887198 0.242393728112802 

0.986886382804893 0.0119940486381296 0.000257517485277923 0.000862051071699566 
0.00224837007647864 0.993252230204264 0.000105227078075976 0.00439417264118154 
0.00439417264118154 0.000105227078075976 0.993252230204264 0.00224837007647864 
0.000862051071699566 0.000257517485277923 0.0119940486381296 0.986886382804893 

0.986813825417711 0.000275629837478404 0.000444059269131284 0.0124664854756794 
0.00204086785964188 0.99338664446266 0.00453409037911801 3.83972985796605e-05 
3.83972985796605e-05 0.00453409037911801 0.99338664446266 0.00204086785964188 
0.0124664854756794 0.000444059269131284 0.000275629837478404 0.986813825417711 

0.987099883358788 0.000175437145975582 0.00410426747552016 0.00862041201971675 
0.00368431264924299 0.993052469418691 0.00309038234580705 0.000172835586258887 
0.000172835586258887 0.00309038234580705 0.993052469418691 0.00368431264924299 
0.00862041201971675 0.00410426747552016 0.000175437145975582 0.987099883358788 

0.999297339563689 7.87291524768664e-05 0.000270507747898272 0.000353423535935871 
1.83395421164359e-06 0.981070188558651 0.0189077370408117 2.02404463254985e-05 
2.02404463254985e-05 0.0189077370408117 0.981070188558651 1.83395421164359e-06 
0.000353423535935871 0.000270507747898272 7.87291524768664e-05 0.999297339563689 

0.992918055855372 0.00160698169190706 0.00451042826863971 0.000964534184081323 
0.00836926894574368 0.98721580794775 0.00241442281824211 0.00200050028826378 
0.00200050028826378 0.00241442281824211 0.98721580794775 0.00836926894574368 
0.000964534184081323 0.00451042826863971 0.00160698169190706 0.992918055855372 


