4 5

0.361189481336623 0.138810518663377 0.138810518663377 0.361189481336623 

0.982692709417056 0.00011059013787003 3.49106648615629e-06 0.0171932093785875 
2.90061383017365e-05 0.997617207168967 0.0022168724010464 0.00013691429168524 
0.00013691429168524 0.0022168724010464 0.997617207168967 2.90061383017365e-05 
0.0171932093785875 3.49106648615629e-06 0.00011059013787003 0.982692709417056 

0.986229070367927 0.000468042869383698 6.77948160775848e-05 0.0132350919466115 
0.000379521166177225 0.993987492946834 0.00495798950016174 0.000674996386827006 
0.000674996386827006 0.00495798950016174 0.993987492946834 0.000379521166177225 
0.0132350919466115 6.77948160775848e-05 0.000468042869383698 0.986229070367927 

0.993575928717362 0.00312448675279992 0.000694934318147537 0.00260465021169037 
0.000738394713090262 0.986563047689403 0.00568237098812685 0.00701618660937972 
0.00701618660937972 0.00568237098812685 0.986563047689403 0.000738394713090262 
0.00260465021169037 0.000694934318147537 0.00312448675279992 0.993575928717362 

0.986415729687228 0.000778253500110461 0.0018522364483407 0.010953780364321 
0.00202506654191805 0.993767268755428 0.00326670101714882 0.00094096368550465 
0.00094096368550465 0.00326670101714882 0.993767268755428 0.00202506654191805 
0.010953780364321 0.0018522364483407 0.000778253500110461 0.986415729687228 

0.981110285752109 0.016128395818512 0.00157165718358033 0.001189661245799 
5.82857563116731e-05 0.999073809260554 5.89263556605157e-05 0.000808978627473587 
0.000808978627473587 5.89263556605157e-05 0.999073809260554 5.82857563116731e-05 
0.001189661245799 0.00157165718358033 0.016128395818512 0.981110285752109 


