4 5

0.176179271191359 0.323820728808641 0.323820728808641 0.176179271191359 

0.36522753449555 0.244378433668102 0.0344749537081111 0.355919078128237 
0.0433125033698029 0.856270757883834 0.0736723306768943 0.0267444080694682 
0.0267444080694682 0.0736723306768943 0.856270757883834 0.0433125033698029 
0.355919078128237 0.0344749537081111 0.244378433668102 0.36522753449555 

0.454953957113954 0.0283042564791605 0.0664327009241128 0.450309085482773 
0.0106607319451924 0.831021921146238 0.137574448366386 0.0207428985421832 
0.0207428985421832 0.137574448366386 0.831021921146238 0.0106607319451924 
0.450309085482773 0.0664327009241128 0.0283042564791605 0.454953957113954 

0.501408064481345 0.00214984994709494 0.000631344503872977 0.495810741067687 
0.0529206965031818 0.664075520208374 0.132788227236065 0.150215556052379 
0.150215556052379 0.132788227236065 0.664075520208374 0.0529206965031818 
0.495810741067687 0.000631344503872977 0.00214984994709494 0.501408064481345 

0.503486968092493 6.36111441702689e-05 0.00644992008824167 0.489999500675095 
0.438072595838919 0.342761423606579 0.217329540849696 0.00183643970480646 
0.00183643970480646 0.217329540849696 0.342761423606579 0.438072595838919 
0.489999500675095 0.00644992008824167 6.36111441702689e-05 0.503486968092493 

0.39676414816627 0.245160178952245 0.016435717244501 0.341639955636984 
0.0845382381323016 0.647666879986178 0.259928339232335 0.0078665426491845 
0.0078665426491845 0.259928339232335 0.647666879986178 0.0845382381323016 
0.341639955636984 0.016435717244501 0.245160178952245 0.39676414816627 


