4 5

0.0571240005083382 0.442875999491662 0.442875999491662 0.0571240005083382 

0.989796467893318 4.79567626725763e-06 2.59668017227963e-05 0.0101727696286924 
0.00225432450407445 0.990366907686272 0.00472191484370965 0.00265685296594412 
0.00265685296594412 0.00472191484370965 0.990366907686272 0.00225432450407445 
0.0101727696286924 2.59668017227963e-05 4.79567626725763e-06 0.989796467893318 

0.983937460537686 0.000177882709516764 0.00225434693916563 0.0136303098136318 
0.00116107238516049 0.99629917535461 0.00251706393008028 2.26883301487432e-05 
2.26883301487432e-05 0.00251706393008028 0.99629917535461 0.00116107238516049 
0.0136303098136318 0.00225434693916563 0.000177882709516764 0.983937460537686 

0.993661811238407 0.00428718646525431 7.09305307770814e-05 0.00198007176556109 
0.00727781955735626 0.986496424730747 0.00487114856754822 0.00135460714434835 
0.00135460714434835 0.00487114856754822 0.986496424730747 0.00727781955735626 
0.00198007176556109 7.09305307770814e-05 0.00428718646525431 0.993661811238407 

0.980832602197361 0.00334160941660646 0.0156444408094615 0.000181347576571289 
2.08103664099011e-05 0.999354031740346 0.000620877184228263 4.28070901568624e-06 
4.28070901568624e-06 0.000620877184228263 0.999354031740346 2.08103664099011e-05 
0.000181347576571289 0.0156444408094615 0.00334160941660646 0.980832602197361 

0.998941379827824 0.000412456825813668 3.92806166974447e-06 0.000642235284692261 
8.0556462725802e-05 0.981246863085718 0.00424189273359193 0.0144306877179643 
0.0144306877179643 0.00424189273359193 0.981246863085718 8.0556462725802e-05 
0.000642235284692261 3.92806166974447e-06 0.000412456825813668 0.998941379827824 


