4 5

0.39685807726346 0.10314192273654 0.10314192273654 0.39685807726346 

0.998954953960678 0.000318566896536194 8.87080858790237e-05 0.000637771056907099 
0.00266657603367703 0.981228256000163 0.00191042812208986 0.0141947398440704 
0.0141947398440704 0.00191042812208986 0.981228256000163 0.00266657603367703 
0.000637771056907099 8.87080858790237e-05 0.000318566896536194 0.998954953960678 

0.989609602917742 0.00376465124159342 0.000526766112522887 0.00609897972814177 
3.58193759542914e-05 0.990514257971246 0.00140806882970723 0.00804185382309244 
0.00804185382309244 0.00140806882970723 0.990514257971246 3.58193759542914e-05 
0.00609897972814177 0.000526766112522887 0.00376465124159342 0.989609602917742 

0.995498521572482 0.00105858814321938 0.000284613390558378 0.00315827689374004 
0.000755770755348039 0.984656040980768 0.00576515768685648 0.00882303057702761 
0.00882303057702761 0.00576515768685648 0.984656040980768 0.000755770755348039 
0.00315827689374004 0.000284613390558378 0.00105858814321938 0.995498521572482 

0.992464346184732 0.00162104383405404 0.00540116270203871 0.000513447279175017 
0.000351584260910726 0.987699606399438 0.00156667173804559 0.0103821376016056 
0.0103821376016056 0.00156667173804559 0.987699606399438 0.000351584260910726 
0.000513447279175017 0.00540116270203871 0.00162104383405404 0.992464346184732 

0.992080010460489 0.00413824679135387 0.000192998519039547 0.00358874422911748 
0.000766837044438731 0.988095537677865 0.01107390246665 6.37228110464599e-05 
6.37228110464599e-05 0.01107390246665 0.988095537677865 0.000766837044438731 
0.00358874422911748 0.000192998519039547 0.00413824679135387 0.992080010460489 


