4 5

0.292434400878847 0.207565599121153 0.207565599121153 0.292434400878847 

0.993070209248823 0.00225445711826679 0.000385958832294398 0.0042893748006162 
0.0149160313868015 0.977287882088563 0.00731120031470273 0.00048488620993236 
0.00048488620993236 0.00731120031470273 0.977287882088563 0.0149160313868015 
0.0042893748006162 0.000385958832294398 0.00225445711826679 0.993070209248823 

0.982336430667237 0.000383503984657004 0.00615151459194976 0.0111285507561563 
0.00588607233269791 0.987993600346721 0.000903042855330549 0.00521728446525036 
0.00521728446525036 0.000903042855330549 0.987993600346721 0.00588607233269791 
0.0111285507561563 0.00615151459194976 0.000383503984657004 0.982336430667237 

0.973190108390348 0.00578664820851908 0.0039680466758681 0.0170551967252649 
0.000502042879224205 0.997338509361092 0.00202883627029188 0.000130611489392165 
0.000130611489392165 0.00202883627029188 0.997338509361092 0.000502042879224205 
0.0170551967252649 0.0039680466758681 0.00578664820851908 0.973190108390348 

0.987160227755611 0.00101787707626808 0.00850645516039475 0.00331544000772616 
0.00390950972433794 0.983184729027496 0.000451046280322831 0.0124547149678429 
0.0124547149678429 0.000451046280322831 0.983184729027496 0.00390950972433794 
0.00331544000772616 0.00850645516039475 0.00101787707626808 0.987160227755611 

0.979943138050399 0.00751244732658272 5.18892513380492e-05 0.0124925253716798 
0.0034269797906683 0.990428575108703 0.00524566125683879 0.000898783843790167 
0.000898783843790167 0.00524566125683879 0.990428575108703 0.0034269797906683 
0.0124925253716798 5.18892513380492e-05 0.00751244732658272 0.979943138050399 


