4 5

0.324882733402774 0.175117266597226 0.175117266597226 0.324882733402774 

0.993691158330571 4.04740569432399e-05 0.00068134841944495 0.00558701919304078 
0.0196916411486969 0.976625432914481 0.00129701162477652 0.00238591431204589 
0.00238591431204589 0.00129701162477652 0.976625432914481 0.0196916411486969 
0.00558701919304078 0.00068134841944495 4.04740569432399e-05 0.993691158330571 

0.989217357773432 0.00189100902337785 0.000416395721124566 0.00847523748206591 
7.77054138181108e-05 0.981077408861445 0.00488850679033331 0.0139563789344037 
0.0139563789344037 0.00488850679033331 0.981077408861445 7.77054138181108e-05 
0.00847523748206591 0.000416395721124566 0.00189100902337785 0.989217357773432 

0.981523841914541 0.000179887132937236 0.000284932335354452 0.018011338617167 
4.51351028234897e-05 0.988910287068519 0.00765745045848876 0.00338712737016884 
0.00338712737016884 0.00765745045848876 0.988910287068519 4.51351028234897e-05 
0.018011338617167 0.000284932335354452 0.000179887132937236 0.981523841914541 

0.984161511834188 0.00162137433789072 0.00299375097791139 0.01122336285001 
0.0075485871223327 0.98615408855561 0.00333214763684736 0.00296517668520973 
0.00296517668520973 0.00333214763684736 0.98615408855561 0.0075485871223327 
0.01122336285001 0.00299375097791139 0.00162137433789072 0.984161511834188 

0.99294462185097 0.000449118392198973 0.00238251834746905 0.00422374140936183 
4.81510038191635e-06 0.977593789545084 0.0217682628450653 0.000633132509468337 
0.000633132509468337 0.0217682628450653 0.977593789545084 4.81510038191635e-06 
0.00422374140936183 0.00238251834746905 0.000449118392198973 0.99294462185097 


