4 5

0.293348241248168 0.206651758751832 0.206651758751832 0.293348241248168 

0.749416835246737 0.01109245846979 0.0389767011419602 0.200514005141513 
0.0182866407192033 0.424342179650703 0.417388014945251 0.139983164684843 
0.139983164684843 0.417388014945251 0.424342179650703 0.0182866407192033 
0.200514005141513 0.0389767011419602 0.01109245846979 0.749416835246737 

0.62325231330973 0.0196880528999752 0.00761800291093515 0.34944163087936 
0.0464237827745413 0.470966729377635 0.468211412073059 0.0143980757747648 
0.0143980757747648 0.468211412073059 0.470966729377635 0.0464237827745413 
0.34944163087936 0.00761800291093515 0.0196880528999752 0.62325231330973 

0.493257723097022 0.000385308661795478 0.0133284695371638 0.493028498704018 
0.0184509468688686 0.745188052596615 0.235684925970638 0.0006760745638785 
0.0006760745638785 0.235684925970638 0.745188052596615 0.0184509468688686 
0.493028498704018 0.0133284695371638 0.000385308661795478 0.493257723097022 

0.48589656867943 0.0273209570545247 0.00902289236362413 0.477759581902421 
0.200558432727352 0.514639767425841 0.197958680257106 0.086843119589701 
0.086843119589701 0.197958680257106 0.514639767425841 0.200558432727352 
0.477759581902421 0.00902289236362413 0.0273209570545247 0.48589656867943 

0.758393261848532 0.00603336966003277 0.00893036348030073 0.226643005011135 
0.00313852706041337 0.376292901778288 0.374109475090537 0.246459096070762 
0.246459096070762 0.374109475090537 0.376292901778288 0.00313852706041337 
0.226643005011135 0.00893036348030073 0.00603336966003277 0.758393261848532 


