4 5

0.315459522069432 0.184540477930568 0.184540477930568 0.315459522069432 

0.98396274830808 0.000818142458406265 0.00482345938979591 0.0103956498437179 
0.000489123657063764 0.996239289544633 0.00182949368585317 0.00144209311245026 
0.00144209311245026 0.00182949368585317 0.996239289544633 0.000489123657063764 
0.0103956498437179 0.00482345938979591 0.000818142458406265 0.98396274830808 

0.99056066333208 1.19830683846245e-05 0.00478837031932561 0.00463898328021006 
0.00733979029660701 0.98956339656085 0.000344133010682701 0.00275268013186039 
0.00275268013186039 0.000344133010682701 0.98956339656085 0.00733979029660701 
0.00463898328021006 0.00478837031932561 1.19830683846245e-05 0.99056066333208 

0.99305927043634 0.00127407361656662 0.00103720883738966 0.00462944710970387 
3.48132753470451e-07 0.987143933732437 0.0128537247016989 1.99343311051315e-06 
1.99343311051315e-06 0.0128537247016989 0.987143933732437 3.48132753470451e-07 
0.00462944710970387 0.00103720883738966 0.00127407361656662 0.99305927043634 

0.984883912987621 0.00399437966035066 0.00964019831906893 0.00148150903295891 
0.00121638805624996 0.995263937262743 0.00223408092586491 0.00128559375514187 
0.00128559375514187 0.00223408092586491 0.995263937262743 0.00121638805624996 
0.00148150903295891 0.00964019831906893 0.00399437966035066 0.984883912987621 

0.98155488552035 7.35192399310742e-06 6.01363346490418e-06 0.018431748922192 
8.43358701598778e-06 0.998795109706033 0.00117876655025129 1.76901566994793e-05 
1.76901566994793e-05 0.00117876655025129 0.998795109706033 8.43358701598778e-06 
0.018431748922192 6.01363346490418e-06 7.35192399310742e-06 0.98155488552035 


