4 5

0.263395861722529 0.236604138277471 0.236604138277471 0.263395861722529 

0.278278704829279 0.0107500552976325 0.455257462649632 0.255713777223456 
0.0738317941633339 0.737833634699788 0.0970917893585381 0.0912427817783405 
0.0912427817783405 0.0970917893585381 0.737833634699788 0.0738317941633339 
0.255713777223456 0.455257462649632 0.0107500552976325 0.278278704829279 

0.440251825994675 0.000604771334071399 0.12855746717856 0.430585935492694 
0.000403800120912321 0.908480627198425 0.0491804732099637 0.0419350994706987 
0.0419350994706987 0.0491804732099637 0.908480627198425 0.000403800120912321 
0.430585935492694 0.12855746717856 0.000604771334071399 0.440251825994675 

0.647351832634741 0.0144236971958408 0.287297531940254 0.050926938229164 
0.00179860936129311 0.485679146508907 0.452520657892775 0.0600015862370248 
0.0600015862370248 0.452520657892775 0.485679146508907 0.00179860936129311 
0.050926938229164 0.287297531940254 0.0144236971958408 0.647351832634741 

0.52534825135469 0.0704764398007912 0.00106438638131032 0.403110922463209 
0.0917582996997793 0.490530720367977 0.415422969653428 0.00228801027881601 
0.00228801027881601 0.415422969653428 0.490530720367977 0.0917582996997793 
0.403110922463209 0.00106438638131032 0.0704764398007912 0.52534825135469 

0.492476942722977 0.0409299916282934 0.00422726602110166 0.462365799627628 
0.125321757815954 0.56134911329135 0.311435909195847 0.00189321969684932 
0.00189321969684932 0.311435909195847 0.56134911329135 0.125321757815954 
0.462365799627628 0.00422726602110166 0.0409299916282934 0.492476942722977 


