4 5

0.34047075023409 0.15952924976591 0.15952924976591 0.34047075023409 

0.994671628535526 0.00216146337802512 0.00112443146573751 0.00204247662071094 
0.000119054722997492 0.985555213335864 0.0142692302061901 5.65017349484879e-05 
5.65017349484879e-05 0.0142692302061901 0.985555213335864 0.000119054722997492 
0.00204247662071094 0.00112443146573751 0.00216146337802512 0.994671628535526 

0.988789139176801 0.000585749816523752 0.00671466906845548 0.00391044193822015 
0.00456307883134375 0.991350121206112 1.34185296521427e-05 0.0040733814328924 
0.0040733814328924 1.34185296521427e-05 0.991350121206112 0.00456307883134375 
0.00391044193822015 0.00671466906845548 0.000585749816523752 0.988789139176801 

0.985332016092853 0.000642134304890867 7.84560266612933e-06 0.0140180039995895 
0.000395007901861501 0.994900440363357 0.00429174807297289 0.000412803661808323 
0.000412803661808323 0.00429174807297289 0.994900440363357 0.000395007901861501 
0.0140180039995895 7.84560266612933e-06 0.000642134304890867 0.985332016092853 

0.986463533551363 0.00746697572621283 0.000655340390733085 0.00541415033169135 
0.00280208841173267 0.993688891134894 0.00239313182456002 0.0011158886288133 
0.0011158886288133 0.00239313182456002 0.993688891134894 0.00280208841173267 
0.00541415033169135 0.000655340390733085 0.00746697572621283 0.986463533551363 

0.989346029176291 0.00847496955141623 0.00108735707138975 0.00109164420090296 
0.00199046743339569 0.990785543788946 0.00469117042875516 0.00253281834890286 
0.00253281834890286 0.00469117042875516 0.990785543788946 0.00199046743339569 
0.00109164420090296 0.00108735707138975 0.00847496955141623 0.989346029176291 


