4 5

0.0960597394732758 0.403940260526724 0.403940260526724 0.0960597394732758 

0.995035420689032 0.00360161991212 0.000197847220616153 0.00116511217823168 
0.0134467782807378 0.985138845011895 6.12301154440109e-06 0.00140825369582256 
0.00140825369582256 6.12301154440109e-06 0.985138845011895 0.0134467782807378 
0.00116511217823168 0.000197847220616153 0.00360161991212 0.995035420689032 

0.996145096215334 0.00164653721643092 0.00060331278353844 0.00160505378469666 
0.0135830427154813 0.984017749651719 0.00193634186866193 0.000462865764137952 
0.000462865764137952 0.00193634186866193 0.984017749651719 0.0135830427154813 
0.00160505378469666 0.00060331278353844 0.00164653721643092 0.996145096215334 

0.985498660794177 0.00358214934141299 9.8389256498728e-06 0.0109093509387597 
0.00209866422838872 0.994695703718526 0.00318630954111704 1.93225119678481e-05 
1.93225119678481e-05 0.00318630954111704 0.994695703718526 0.00209866422838872 
0.0109093509387597 9.8389256498728e-06 0.00358214934141299 0.985498660794177 

0.99442925571371 0.00445762541316631 0.000488684294490329 0.000624434578633148 
0.00887071762709555 0.985732172178505 0.00065613501769396 0.00474097517670559 
0.00474097517670559 0.00065613501769396 0.985732172178505 0.00887071762709555 
0.000624434578633148 0.000488684294490329 0.00445762541316631 0.99442925571371 

0.997066735483446 5.05037886669786e-05 0.000974534459959896 0.00190822626792697 
0.0138012958283517 0.983087450295226 0.000520043500013279 0.0025912103764094 
0.0025912103764094 0.000520043500013279 0.983087450295226 0.0138012958283517 
0.00190822626792697 0.000974534459959896 5.05037886669786e-05 0.997066735483446 


