4 5

0.0177510005887598 0.48224899941124 0.48224899941124 0.0177510005887598 

0.683028256314648 0.04827869922652 0.255286946298245 0.0134060981605867 
0.0475460496580847 0.3155834719255 0.162364823290914 0.474505655125502 
0.474505655125502 0.162364823290914 0.3155834719255 0.0475460496580847 
0.0134060981605867 0.255286946298245 0.04827869922652 0.683028256314648 

0.498184311432807 0.00703112350433045 0.0415199876829931 0.453264577379869 
0.0492105882886338 0.472545177784314 0.277800518075869 0.200443715851183 
0.200443715851183 0.277800518075869 0.472545177784314 0.0492105882886338 
0.453264577379869 0.0415199876829931 0.00703112350433045 0.498184311432807 

0.484340439486697 0.0600327963112038 0.00713835572531634 0.448488408476783 
0.107143705006958 0.559091532776822 0.326819059663481 0.00694570255273994 
0.00694570255273994 0.326819059663481 0.559091532776822 0.107143705006958 
0.448488408476783 0.00713835572531634 0.0600327963112038 0.484340439486697 

0.479008001656526 0.0144715220671386 0.213833207259789 0.292687269016546 
0.124758015371499 0.392566293141783 0.285495972475265 0.197179719011453 
0.197179719011453 0.285495972475265 0.392566293141783 0.124758015371499 
0.292687269016546 0.213833207259789 0.0144715220671386 0.479008001656526 

0.738113309692237 0.214042406511143 0.00056047973472842 0.0472838040618921 
0.0923611482590183 0.469467955971886 0.436310043423318 0.00186085234577735 
0.00186085234577735 0.436310043423318 0.469467955971886 0.0923611482590183 
0.0472838040618921 0.00056047973472842 0.214042406511143 0.738113309692237 


