4 5

0.457553879008628 0.0424461209913716 0.0424461209913716 0.457553879008628 

0.620502612521935 0.00029036678552627 0.00595845531678699 0.373248565375752 
0.0117201532233764 0.4530968806809 0.439874886810002 0.0953080792857211 
0.0953080792857211 0.439874886810002 0.4530968806809 0.0117201532233764 
0.373248565375752 0.00595845531678699 0.00029036678552627 0.620502612521935 

0.28349274601085 0.424810896826289 0.0282303262536381 0.263466030909222 
0.0734740858391283 0.865955886064714 0.0154540284370427 0.0451159996591153 
0.0451159996591153 0.0154540284370427 0.865955886064714 0.0734740858391283 
0.263466030909222 0.0282303262536381 0.424810896826289 0.28349274601085 

0.545629623753132 0.0793520115850272 0.0127858209929186 0.362232543668922 
0.441992385573362 0.23317177206451 0.0984745871819857 0.226361255180143 
0.226361255180143 0.0984745871819857 0.23317177206451 0.441992385573362 
0.362232543668922 0.0127858209929186 0.0793520115850272 0.545629623753132 

0.825918243987865 0.10248692931165 0.0220197938678416 0.0495750328326433 
0.533980267596616 0.243048714864771 0.181368277833323 0.0416027397052911 
0.0416027397052911 0.181368277833323 0.243048714864771 0.533980267596616 
0.0495750328326433 0.0220197938678416 0.10248692931165 0.825918243987865 

0.978843722057682 0.00128957336956994 0.0129388334804388 0.00692787109230913 
0.00197328699004223 0.372387046188947 0.365773015821075 0.259866650999935 
0.259866650999935 0.365773015821075 0.372387046188947 0.00197328699004223 
0.00692787109230913 0.0129388334804388 0.00128957336956994 0.978843722057682 


