4 5

0.145000571967103 0.354999428032897 0.354999428032897 0.145000571967103 

0.490460126480424 0.0169885101054299 0.0250092676701501 0.467542095743996 
0.172007257176305 0.323168800892419 0.277680270845957 0.227143671085319 
0.227143671085319 0.277680270845957 0.323168800892419 0.172007257176305 
0.467542095743996 0.0250092676701501 0.0169885101054299 0.490460126480424 

0.454028832412259 0.0291467960792176 0.211680664176761 0.305143707331762 
0.128855655488296 0.400708093825581 0.116085892702844 0.354350357983279 
0.354350357983279 0.116085892702844 0.400708093825581 0.128855655488296 
0.305143707331762 0.211680664176761 0.0291467960792176 0.454028832412259 

0.638954511420211 0.00207664087360376 0.0846998340420169 0.274269013664168 
0.0114140273500439 0.475976966527981 0.467201230035293 0.0454077760866823 
0.0454077760866823 0.467201230035293 0.475976966527981 0.0114140273500439 
0.274269013664168 0.0846998340420169 0.00207664087360376 0.638954511420211 

0.47148683453839 0.22234708786911 0.0263207402962353 0.279845337296264 
0.101673477578408 0.46287411219922 0.396178747299088 0.0392736629232836 
0.0392736629232836 0.396178747299088 0.46287411219922 0.101673477578408 
0.279845337296264 0.0263207402962353 0.22234708786911 0.47148683453839 

0.553415503953905 0.009860932367294 0.0648192957469062 0.371904267931895 
0.00697587373196201 0.404462000041004 0.323484184368656 0.265077941858379 
0.265077941858379 0.323484184368656 0.404462000041004 0.00697587373196201 
0.371904267931895 0.0648192957469062 0.009860932367294 0.553415503953905 


