4 5

0.350209440337494 0.149790559662506 0.149790559662506 0.350209440337494 

0.987852860321172 0.00292371043874856 0.00137058077894864 0.00785284846113121 
0.00043964400964625 0.992299089083057 0.00474714516959224 0.00251412173770493 
0.00251412173770493 0.00474714516959224 0.992299089083057 0.00043964400964625 
0.00785284846113121 0.00137058077894864 0.00292371043874856 0.987852860321172 

0.982273534133872 0.0127541660962254 0.000979156804212905 0.00399314296568942 
9.61256773357184e-06 0.997897588724816 0.00105149118143111 0.00104130752601883 
0.00104130752601883 0.00105149118143111 0.997897588724816 9.61256773357184e-06 
0.00399314296568942 0.000979156804212905 0.0127541660962254 0.982273534133872 

0.994941194305617 0.00474505307394515 0.000151081551652978 0.000162671068784703 
0.00335338700844149 0.9852002478477 5.03364342700485e-05 0.0113960287095885 
0.0113960287095885 5.03364342700485e-05 0.9852002478477 0.00335338700844149 
0.000162671068784703 0.000151081551652978 0.00474505307394515 0.994941194305617 

0.992455474618897 0.000526022972825549 0.000127405320308757 0.00689109708796898 
0.000103700729022468 0.987747781931319 0.0120812376101162 6.72797295423163e-05 
6.72797295423163e-05 0.0120812376101162 0.987747781931319 0.000103700729022468 
0.00689109708796898 0.000127405320308757 0.000526022972825549 0.992455474618897 

0.985925304627946 0.0010738369037995 0.000223977489438779 0.0127768809788155 
0.00230546956837868 0.99428338666088 0.00338637857698426 2.47651937569956e-05 
2.47651937569956e-05 0.00338637857698426 0.99428338666088 0.00230546956837868 
0.0127768809788155 0.000223977489438779 0.0010738369037995 0.985925304627946 


