4 5

0.265926452819258 0.234073547180742 0.234073547180742 0.265926452819258 

0.984009429847388 0.00959618678986426 0.00161322661243627 0.00478115675031127 
7.75607521535759e-05 0.996144649563878 0.0011502689521814 0.00262752073178742 
0.00262752073178742 0.0011502689521814 0.996144649563878 7.75607521535759e-05 
0.00478115675031127 0.00161322661243627 0.00959618678986426 0.984009429847388 

0.987619463786293 0.00974545976088382 0.000288420774859685 0.00234665567796388 
0.00096153661592484 0.992519743017758 0.00649726642284915 2.14539434682643e-05 
2.14539434682643e-05 0.00649726642284915 0.992519743017758 0.00096153661592484 
0.00234665567796388 0.000288420774859685 0.00974545976088382 0.987619463786293 

0.988891037361438 0.00934664232360704 0.000267419717791549 0.0014949005971634 
0.000420289393156217 0.991217342459701 0.000884922600222104 0.00747744554692029 
0.00747744554692029 0.000884922600222104 0.991217342459701 0.000420289393156217 
0.0014949005971634 0.000267419717791549 0.00934664232360704 0.988891037361438 

0.983676662835892 1.56959167723624e-05 0.000347011327859359 0.0159606299194766 
0.000120901784585267 0.996598161676497 0.00212376840035411 0.00115716813856389 
0.00115716813856389 0.00212376840035411 0.996598161676497 0.000120901784585267 
0.0159606299194766 0.000347011327859359 1.56959167723624e-05 0.983676662835892 

0.985704466031001 0.000173036879040786 0.00620023881387212 0.00792225827608622 
0.0040489871929752 0.994451161554636 0.000895972677219192 0.000603878575169632 
0.000603878575169632 0.000895972677219192 0.994451161554636 0.0040489871929752 
0.00792225827608622 0.00620023881387212 0.000173036879040786 0.985704466031001 


