4 5

0.137415856239386 0.362584143760614 0.362584143760614 0.137415856239386 

0.990600592441388 0.0048102648697098 2.14023725898628e-05 0.0045677403163123 
0.000730764198185306 0.989516018557742 0.00229367190921514 0.00745954533485781 
0.00745954533485781 0.00229367190921514 0.989516018557742 0.000730764198185306 
0.0045677403163123 2.14023725898628e-05 0.0048102648697098 0.990600592441388 

0.993388916569238 0.00493301871288577 0.000732738298988115 0.000945326418887893 
0.000748616487693103 0.986735046989584 0.00107038603690984 0.0114459504858131 
0.0114459504858131 0.00107038603690984 0.986735046989584 0.000748616487693103 
0.000945326418887893 0.000732738298988115 0.00493301871288577 0.993388916569238 

0.98456095500259 0.000809010962718492 0.000176299836172478 0.014453734198519 
0.00114167404360628 0.995682260092584 0.00305816605917375 0.000117899804635988 
0.000117899804635988 0.00305816605917375 0.995682260092584 0.00114167404360628 
0.014453734198519 0.000176299836172478 0.000809010962718492 0.98456095500259 

0.996220953955565 0.000805711197008368 0.000344158642528098 0.00262917620489861 
0.000217546589763535 0.984027532449602 0.0144817555385794 0.00127316542205485 
0.00127316542205485 0.0144817555385794 0.984027532449602 0.000217546589763535 
0.00262917620489861 0.000344158642528098 0.000805711197008368 0.996220953955565 

0.986523463790002 6.15378723937388e-05 0.000151974769451809 0.013263023568152 
0.0049726222361889 0.993679578668212 0.00111849949202902 0.000229299603570191 
0.000229299603570191 0.00111849949202902 0.993679578668212 0.0049726222361889 
0.013263023568152 0.000151974769451809 6.15378723937388e-05 0.986523463790002 


