4 5

0.00219807110261172 0.497801928897388 0.497801928897388 0.00219807110261172 

0.989632169151916 0.000273916039040589 3.64252738721543e-05 0.0100574895351709 
0.00183114070419443 0.990544310218723 0.00703150203303909 0.000593047044043069 
0.000593047044043069 0.00703150203303909 0.990544310218723 0.00183114070419443 
0.0100574895351709 3.64252738721543e-05 0.000273916039040589 0.989632169151916 

0.988069610376533 0.000341089436831488 0.00251857936072191 0.00907072082591337 
0.00102190810092107 0.992097313678122 0.00621741524309083 0.000663362977865733 
0.000663362977865733 0.00621741524309083 0.992097313678122 0.00102190810092107 
0.00907072082591337 0.00251857936072191 0.000341089436831488 0.988069610376533 

0.985453822874258 0.000808095713954384 5.84417326196725e-05 0.0136796396791676 
0.000449821124693963 0.994764996938021 0.00164083435103268 0.00314434758625212 
0.00314434758625212 0.00164083435103268 0.994764996938021 0.000449821124693963 
0.0136796396791676 5.84417326196725e-05 0.000808095713954384 0.985453822874258 

0.989733298104768 0.00322955924024962 0.00104039581318823 0.00599674684179402 
2.36452693073427e-06 0.990428484227395 0.00928729610347223 0.000281855142201989 
0.000281855142201989 0.00928729610347223 0.990428484227395 2.36452693073427e-06 
0.00599674684179402 0.00104039581318823 0.00322955924024962 0.989733298104768 

0.995323742168465 6.10061209708278e-07 0.000173547875418186 0.00450209989490735 
0.00405363386711034 0.984820111760137 0.00306323702779987 0.00806301734495306 
0.00806301734495306 0.00306323702779987 0.984820111760137 0.00405363386711034 
0.00450209989490735 0.000173547875418186 6.10061209708278e-07 0.995323742168465 


