4 5

0.157635753857903 0.342364246142097 0.342364246142097 0.157635753857903 

0.467158872055672 0.000388654270215331 0.110847255402895 0.421605218271217 
0.0177129322412745 0.631797569073136 0.17760894760027 0.17288055108532 
0.17288055108532 0.17760894760027 0.631797569073136 0.0177129322412745 
0.421605218271217 0.110847255402895 0.000388654270215331 0.467158872055672 

0.439235974881635 0.25008232503155 0.00182923625320049 0.308852463833615 
0.32791969588078 0.667384789353177 0.00221893826968234 0.00247657649636054 
0.00247657649636054 0.00221893826968234 0.667384789353177 0.32791969588078 
0.308852463833615 0.00182923625320049 0.25008232503155 0.439235974881635 

0.569702985714813 0.171588120948645 0.0413477772436849 0.217361116092858 
0.303362709126238 0.296937227727597 0.226242787155894 0.173457275990271 
0.173457275990271 0.226242787155894 0.296937227727597 0.303362709126238 
0.217361116092858 0.0413477772436849 0.171588120948645 0.569702985714813 

0.489593049322291 0.0314405691757828 0.00721008669643393 0.471756294805492 
0.0191241443597449 0.555448296476585 0.405665355950184 0.0197622032134863 
0.0197622032134863 0.405665355950184 0.555448296476585 0.0191241443597449 
0.471756294805492 0.00721008669643393 0.0314405691757828 0.489593049322291 

0.501994499169664 0.000154134624367731 0.0121548049035846 0.485696561302383 
0.00211096095402507 0.575324295883654 0.422553371831674 1.13713306466611e-05 
1.13713306466611e-05 0.422553371831674 0.575324295883654 0.00211096095402507 
0.485696561302383 0.0121548049035846 0.000154134624367731 0.501994499169664 


