4 5

0.265906845452264 0.234093154547736 0.234093154547736 0.265906845452264 

0.984899484477797 0.00454531893646222 0.00732324170127012 0.00323195488447031 
0.00297021863343227 0.99525185023358 0.00107956243220086 0.000698368700787324 
0.000698368700787324 0.00107956243220086 0.99525185023358 0.00297021863343227 
0.00323195488447031 0.00732324170127012 0.00454531893646222 0.984899484477797 

0.989717277381617 0.00486418202401367 0.000437587010849231 0.00498095358352058 
0.00529254952545874 0.990426271658042 0.00306575400668085 0.00121542480981798 
0.00121542480981798 0.00306575400668085 0.990426271658042 0.00529254952545874 
0.00498095358352058 0.000437587010849231 0.00486418202401367 0.989717277381617 

0.991461972567575 0.000518982565760776 0.0054286220479145 0.00259042281874933 
0.00633473095993711 0.988661904463552 0.00292517321521174 0.00207819136129925 
0.00207819136129925 0.00292517321521174 0.988661904463552 0.00633473095993711 
0.00259042281874933 0.0054286220479145 0.000518982565760776 0.991461972567575 

0.981224322225415 0.000993731980973806 0.00258284335656505 0.0151991024370464 
0.000452071266906036 0.999075910551398 0.000139230303077331 0.00033278787861825 
0.00033278787861825 0.000139230303077331 0.999075910551398 0.000452071266906036 
0.0151991024370464 0.00258284335656505 0.000993731980973806 0.981224322225415 

0.981794608409675 0.0024388392500697 0.0148943902380832 0.000872162102171892 
0.00118533516115486 0.998377957368504 0.000431579377643709 5.12809269699859e-06 
5.12809269699859e-06 0.000431579377643709 0.998377957368504 0.00118533516115486 
0.000872162102171892 0.0148943902380832 0.0024388392500697 0.981794608409675 


