4 5

0.328177246032283 0.171822753967717 0.171822753967717 0.328177246032283 

0.990136777216569 0.00851982937251312 0.000971498954716758 0.000371894456201227 
0.00786601888544963 0.990032651068139 0.00189930255997073 0.000202027486440768 
0.000202027486440768 0.00189930255997073 0.990032651068139 0.00786601888544963 
0.000371894456201227 0.000971498954716758 0.00851982937251312 0.990136777216569 

0.995629396799011 7.07243593152697e-05 4.19173508057722e-05 0.0042579614908676 
9.82082563953078e-05 0.98462876731785 0.0152573581841211 1.56662416334909e-05 
1.56662416334909e-05 0.0152573581841211 0.98462876731785 9.82082563953078e-05 
0.0042579614908676 4.19173508057722e-05 7.07243593152697e-05 0.995629396799011 

0.989626078719438 0.00866270599778978 0.00109643027214774 0.000614785010624841 
0.00271211006381415 0.990504965662827 0.00206807932088565 0.00471484495247306 
0.00471484495247306 0.00206807932088565 0.990504965662827 0.00271211006381415 
0.000614785010624841 0.00109643027214774 0.00866270599778978 0.989626078719438 

0.994694242063193 0.000821210603018004 0.000160140618029918 0.00432440671575857 
0.000272560252893298 0.985522493284195 0.0129941472426645 0.00121079922024741 
0.00121079922024741 0.0129941472426645 0.985522493284195 0.000272560252893298 
0.00432440671575857 0.000160140618029918 0.000821210603018004 0.994694242063193 

0.992778606340544 0.0049023826395066 0.00136445168688304 0.000954559333066041 
0.00329898985769293 0.987387463881102 0.00909786276468705 0.000215683496518139 
0.000215683496518139 0.00909786276468705 0.987387463881102 0.00329898985769293 
0.000954559333066041 0.00136445168688304 0.0049023826395066 0.992778606340544 


