4 5

0.161322082043625 0.338677917956375 0.338677917956375 0.161322082043625 

0.997595466906832 1.79855684389364e-06 0.00020570372577667 0.0021970308105479 
8.97712695775733e-05 0.982713967307238 0.0171871376978561 9.1237253284337e-06 
9.1237253284337e-06 0.0171871376978561 0.982713967307238 8.97712695775733e-05 
0.0021970308105479 0.00020570372577667 1.79855684389364e-06 0.997595466906832 

0.994124308806703 0.000451976852213016 0.00413540879771687 0.00128830554336679 
0.00396011676839994 0.986040476585147 0.00914601978465918 0.000853386861794236 
0.000853386861794236 0.00914601978465918 0.986040476585147 0.00396011676839994 
0.00128830554336679 0.00413540879771687 0.000451976852213016 0.994124308806703 

0.983097057627897 0.000802098612401083 0.0140616978668884 0.00203914589281362 
0.000316820987102914 0.997058529423162 0.00254688225078248 7.77673389527423e-05 
7.77673389527423e-05 0.00254688225078248 0.997058529423162 0.000316820987102914 
0.00203914589281362 0.0140616978668884 0.000802098612401083 0.983097057627897 

0.982622822709631 0.00545338985668891 0.000928853352423495 0.0109949340812561 
0.000182956862754177 0.997598911435872 0.00221739724336756 7.34458005949501e-07 
7.34458005949501e-07 0.00221739724336756 0.997598911435872 0.000182956862754177 
0.0109949340812561 0.000928853352423495 0.00545338985668891 0.982622822709631 

0.989745190874635 0.00315288553998741 5.61559175543428e-05 0.00704576766782294 
0.00497566556023382 0.990406174135306 0.00459511866367568 2.30416407849864e-05 
2.30416407849864e-05 0.00459511866367568 0.990406174135306 0.00497566556023382 
0.00704576766782294 5.61559175543428e-05 0.00315288553998741 0.989745190874635 


