4 5

0.0131323236273602 0.48686767637264 0.48686767637264 0.0131323236273602 

0.980112938902372 0.00406895033598778 0.000387147779378516 0.0154309629822621 
0.00588301835553355 0.980456519457687 0.00688438457294105 0.00677607761383821 
0.00677607761383821 0.00688438457294105 0.980456519457687 0.00588301835553355 
0.0154309629822621 0.000387147779378516 0.00406895033598778 0.980112938902372 

0.992340849478034 0.00423768849683143 0.00167071050316563 0.00175075152196852 
0.0139792880663697 0.968403307500603 0.0161784532612773 0.0014389511717498 
0.0014389511717498 0.0161784532612773 0.968403307500603 0.0139792880663697 
0.00175075152196852 0.00167071050316563 0.00423768849683143 0.992340849478034 

0.978206982256 0.000432441526335303 3.92049162598166e-05 0.0213213713014049 
0.01426562049773 0.982434220042207 0.000162918919858701 0.0031372405402042 
0.0031372405402042 0.000162918919858701 0.982434220042207 0.01426562049773 
0.0213213713014049 3.92049162598166e-05 0.000432441526335303 0.978206982256 

0.985045031157094 8.02089566120012e-05 0.00237836608496642 0.012496393801328 
2.66660190774547e-05 0.975511530294905 0.00121160372733459 0.023250199958683 
0.023250199958683 0.00121160372733459 0.975511530294905 2.66660190774547e-05 
0.012496393801328 0.00237836608496642 8.02089566120012e-05 0.985045031157094 

0.979872471196126 0.000520564685790688 0.00725879710227635 0.0123481670158073 
0.000221582903594876 0.980718134188568 0.00867149560739328 0.0103887873004434 
0.0103887873004434 0.00867149560739328 0.980718134188568 0.000221582903594876 
0.0123481670158073 0.00725879710227635 0.000520564685790688 0.979872471196126 


