4 5

0.467276322422549 0.0327236775774509 0.0327236775774509 0.467276322422549 

0.993092742143942 0.00157233571442702 0.000429996426913466 0.00490492571471779 
0.00755056954834941 0.98705478528238 0.00536161348701147 3.30316822591218e-05 
3.30316822591218e-05 0.00536161348701147 0.98705478528238 0.00755056954834941 
0.00490492571471779 0.000429996426913466 0.00157233571442702 0.993092742143942 

0.985046546930837 0.000875280790548601 0.00938280279855281 0.00469536948006111 
0.00435369217984197 0.995094571625422 0.000448905068415606 0.00010283112632056 
0.00010283112632056 0.000448905068415606 0.995094571625422 0.00435369217984197 
0.00469536948006111 0.00938280279855281 0.000875280790548601 0.985046546930837 

0.981834104781977 0.0166181573058842 0.000999851125542761 0.000547886786596175 
0.000760831328264057 0.998347764587626 0.000748996423539594 0.00014240766057043 
0.00014240766057043 0.000748996423539594 0.998347764587626 0.000760831328264057 
0.000547886786596175 0.000999851125542761 0.0166181573058842 0.981834104781977 

0.993208002110927 0.00193267004449668 0.000122481911080364 0.00473684593349633 
0.00360256542282825 0.986964380324484 0.00936560848081286 6.74457718750877e-05 
6.74457718750877e-05 0.00936560848081286 0.986964380324484 0.00360256542282825 
0.00473684593349633 0.000122481911080364 0.00193267004449668 0.993208002110927 

0.993612533912442 0.00299892282539445 0.000348816553365093 0.00303972670879854 
0.0060460320722773 0.986536767318249 0.00511506519874039 0.00230213541073374 
0.00230213541073374 0.00511506519874039 0.986536767318249 0.0060460320722773 
0.00303972670879854 0.000348816553365093 0.00299892282539445 0.993612533912442 


