4 5

0.0360032796161249 0.463996720383875 0.463996720383875 0.0360032796161249 

0.995612274907876 7.28749386273998e-05 0.000928318446482778 0.00338653170701431 
1.16888576850325e-05 0.984640880162821 0.0151480800811898 0.000199350898303874 
0.000199350898303874 0.0151480800811898 0.984640880162821 1.16888576850325e-05 
0.00338653170701431 0.000928318446482778 7.28749386273998e-05 0.995612274907876 

0.996791838488218 7.2726224184318e-05 0.00195744431312182 0.00117799097447552 
2.16036892522962e-05 0.983479674052656 0.0156043759815107 0.000894346276580922 
0.000894346276580922 0.0156043759815107 0.983479674052656 2.16036892522962e-05 
0.00117799097447552 0.00195744431312182 7.2726224184318e-05 0.996791838488218 

0.989190021858448 0.000804432907021751 0.0084248544910533 0.00158069074347666 
0.00024359502536188 0.990956540516915 0.00507558877477732 0.00372427568294585 
0.00372427568294585 0.00507558877477732 0.990956540516915 0.00024359502536188 
0.00158069074347666 0.0084248544910533 0.000804432907021751 0.989190021858448 

0.991745026703618 9.43239385863035e-05 0.000551893205072342 0.00760875615272377 
1.53984434426085e-05 0.988453879718136 0.0115301197598633 6.02078558405505e-07 
6.02078558405505e-07 0.0115301197598633 0.988453879718136 1.53984434426085e-05 
0.00760875615272377 0.000551893205072342 9.43239385863035e-05 0.991745026703618 

0.984554797727293 0.000697602889790676 0.000181025712545553 0.0145665736703703 
0.00121074433445898 0.995687656138615 0.00204510879117092 0.00105649073575466 
0.00105649073575466 0.00204510879117092 0.995687656138615 0.00121074433445898 
0.0145665736703703 0.000181025712545553 0.000697602889790676 0.984554797727293 


