4 5

0.0658162649488077 0.434183735051192 0.434183735051192 0.0658162649488077 

0.536031776293884 0.0701867998051236 0.0136348265094954 0.380146597391497 
0.0582723803389145 0.488738380046173 0.450062000508401 0.00292723910651153 
0.00292723910651153 0.450062000508401 0.488738380046173 0.0582723803389145 
0.380146597391497 0.0136348265094954 0.0701867998051236 0.536031776293884 

0.39723417734766 0.0445508807274204 0.2430672722789 0.31514766964602 
0.236900522762956 0.297574080858262 0.259131603602749 0.206393792776033 
0.206393792776033 0.259131603602749 0.297574080858262 0.236900522762956 
0.31514766964602 0.2430672722789 0.0445508807274204 0.39723417734766 

0.605201932605407 0.0198767619722494 0.0882824992297877 0.286638806192556 
0.0195002531309034 0.448423398611497 0.417809811143581 0.114266537114019 
0.114266537114019 0.417809811143581 0.448423398611497 0.0195002531309034 
0.286638806192556 0.0882824992297877 0.0198767619722494 0.605201932605407 

0.481136652364031 0.0141066375370532 0.0525400801364443 0.452216629962471 
0.00032177699995492 0.569437318832784 0.321781250315585 0.108459653851676 
0.108459653851676 0.321781250315585 0.569437318832784 0.00032177699995492 
0.452216629962471 0.0525400801364443 0.0141066375370532 0.481136652364031 

0.481764251712227 0.244616037055191 0.0799126052642287 0.193707105968353 
0.113241920803701 0.481254619149683 0.402717401467102 0.00278605857951471 
0.00278605857951471 0.402717401467102 0.481254619149683 0.113241920803701 
0.193707105968353 0.0799126052642287 0.244616037055191 0.481764251712227 


