4 5

0.408459648722783 0.0915403512772173 0.0915403512772173 0.408459648722783 

0.50241687261683 0.00141813813667025 0.00815029872075001 0.48801469052575 
0.0173575367120494 0.569491270795335 0.377029163326199 0.0361220291664165 
0.0361220291664165 0.377029163326199 0.569491270795335 0.0173575367120494 
0.48801469052575 0.00815029872075001 0.00141813813667025 0.50241687261683 

0.37624142576473 0.0144954215688373 0.234048952710394 0.375214199956038 
0.073160494188494 0.734858325252514 0.134204808035155 0.0577763725238367 
0.0577763725238367 0.134204808035155 0.734858325252514 0.073160494188494 
0.375214199956038 0.234048952710394 0.0144954215688373 0.37624142576473 

0.62180277694732 0.0188664146492628 0.254370328475971 0.104960479927446 
0.0550668220136777 0.383429852238332 0.25643132700369 0.305071998744301 
0.305071998744301 0.25643132700369 0.383429852238332 0.0550668220136777 
0.104960479927446 0.254370328475971 0.0188664146492628 0.62180277694732 

0.664355842709135 0.0529708626808312 0.174745750663233 0.1079275439468 
0.00195273356038299 0.459321915362217 0.42899004486388 0.10973530621352 
0.10973530621352 0.42899004486388 0.459321915362217 0.00195273356038299 
0.1079275439468 0.174745750663233 0.0529708626808312 0.664355842709135 

0.618601081074968 0.00158290361898681 0.0474007760121503 0.332415239293895 
0.0207858176001052 0.49232268977959 0.486226356293242 0.000665136327062258 
0.000665136327062258 0.486226356293242 0.49232268977959 0.0207858176001052 
0.332415239293895 0.0474007760121503 0.00158290361898681 0.618601081074968 


