Model: Strand Symmetric
Tree:
nodes:   6
nleaves: 4
nedges:  5
Edges:
  (4, 5)  0
  (4, 2)  0
  (4, 3)  0
  (5, 0)  0
  (5, 1)  0
Node names: 1 2 3 4 

Reading fasta file:
Mulitple sequence alignment of length 1000bp on 4 taxa.

Reading species 1 >1

Reading species 2 >2

Reading species 3 >3

Reading species 4 >4

4 5

0.277415286948882 0.222584713051118 0.222584713051118 0.277415286948882 

0.612077103136672 0.129307632287776 0.129307632287776 0.129307632287776 
0.10363688356397 0.721260823846043 0.0929130587179858 0.0929130587179858 
0.0765994741799332 0.0765994741799332 0.563040934967699 0.145653021677434 
0.016971758740577 0.016971758740577 0.016971758740577 0.681614747407468 

0.732873941214554 0.0890420195951486 0.0890420195951486 0.0890420195951486 
0.110170223848811 0.596884560756172 0.134371813081276 0.134371813081276 
0.12555203764685 0.12555203764685 0.76527135852548 0.0782428804915068 
0.0736447853093484 0.0736447853093484 0.0736447853093484 0.720675374995754 

0.677193735168948 0.107602088277017 0.107602088277017 0.107602088277017 
0.0900870211168049 0.827722573745377 0.0574258087515411 0.0574258087515411 
0.017003038243484 0.017003038243484 0.633256927162139 0.122247690945954 
0.0240470342023984 0.0240470342023984 0.0240470342023984 0.762454481935802 

0.582635552886001 0.139121482371333 0.139121482371333 0.139121482371333 
0.0595960767017466 0.59242176188175 0.135859412706083 0.135859412706083 
0.0555946603539143 0.0555946603539143 0.68940184285816 0.10353271904728 
0.0806005250411731 0.0806005250411731 0.0806005250411731 0.580051622810194 

0.875421097092932 0.0415263009690227 0.0415263009690227 0.0415263009690227 
0.147582699664307 0.906008952823873 0.0313303490587091 0.0313303490587091 
0.0776248480524806 0.0776248480524806 0.946053325213002 0.0179822249289993 
0.0887654440942842 0.0887654440942842 0.0887654440942842 0.704056039935632 


0.277415286948882  0.222584713051118  0.222584713051118  0.277415286948882  

Starting the EM algorithm
Iter: 4192

Finished.
Time: 0.594584

Likelihood: 3748.95491029265

Newick Tree:
((1:nan,2:0.0528313770973095):0.0351857915022504,3:0.658214267057173,4:0.0941323131037468)

