57.0287930965424
45.8886721134186
49.8157529830933
162.127784967422
182.389092206955
103.498008012772
61.4086630344391
33.1542310714722
143.878318071365
52.6968879699707
175.072678089142
44.3935840129852
117.618757963181
111.264626026154
137.148607969284
40.7809021472931
100.278321027756
58.4026141166687
8.77248501777649
146.248647928238
114.039222002029
177.184705018997
142.665760040283
64.4325728416443
94.4545929431915
78.9489729404449
37.2432460784912
26.127473115921
24.4648129940033
42.7594640254974
176.759627819061
69.8463509082794
73.8031430244446
107.012383937836
173.322138786316
132.309467077255
38.9737701416016
61.8615899085999
148.443931102753
168.016563892365
26.2443871498108
80.596578836441
129.10983300209
122.340340137482
37.8638598918915
56.5367980003357
58.8668930530548
55.1668651103973
111.580549955368
175.187400102615
88.0126190185547
166.210193872452
175.160995006561
74.8748469352722
154.297686815262
59.1828050613403
20.1817100048065
81.8295950889587
15.7543768882751
41.7246618270874
175.380677938461
179.996064901352
177.926522016525
53.9398739337921
134.934234857559
169.222185134888
159.527903795242
117.630638122559
129.757729053497
87.5078790187836
174.449653863907
31.8265900611877
178.74472284317
124.565010070801
92.7813408374786
90.4425389766693
164.174125909805
115.574198007584
175.157755851746
45.1401691436768
66.2416620254517
179.428879976273
77.1883180141449
184.259184122086
165.274019002914
77.6614120006561
23.5568869113922
114.107563972473
141.046549081802
120.700500011444
180.459031105042
91.3925230503082
38.3061299324036
171.188064098358
104.862337112427
28.3737540245056
49.5268468856812
87.3364610671997
54.0121891498566
141.214437007904
