4 5

0.25 0.25 0.25 0.25 

0.952041749999029 0.00210371520593181 0.00723305423524503 0.0386214805597946 
0.00210371520593181 0.952041749999029 0.0386214805597946 0.00723305423524503 
0.00723305423524503 0.0386214805597946 0.952041749999029 0.00210371520593181 
0.0386214805597946 0.00723305423524503 0.00210371520593181 0.952041749999029 

0.481398902608859 0.0219046594129836 0.0223705656450264 0.474325872333131 
0.0219046594129836 0.481398902608859 0.474325872333131 0.0223705656450264 
0.0223705656450264 0.474325872333131 0.481398902608859 0.0219046594129836 
0.474325872333131 0.0223705656450264 0.0219046594129836 0.481398902608859 

0.951888401272057 0.000966554157378424 0.0151079843037166 0.032037060266848 
0.000966554157378424 0.951888401272057 0.032037060266848 0.0151079843037166 
0.0151079843037166 0.032037060266848 0.951888401272057 0.000966554157378424 
0.032037060266848 0.0151079843037166 0.000966554157378424 0.951888401272057 

0.454316405519701 0.0465109966370133 0.0632599549349957 0.43591264290829 
0.0465109966370133 0.454316405519701 0.43591264290829 0.0632599549349957 
0.0632599549349957 0.43591264290829 0.454316405519701 0.0465109966370133 
0.43591264290829 0.0632599549349957 0.0465109966370133 0.454316405519701 

0.951822570143156 0.0311639029173626 0.00529425066133929 0.0117192762781419 
0.0311639029173626 0.951822570143156 0.0117192762781419 0.00529425066133929 
0.00529425066133929 0.0117192762781419 0.951822570143156 0.0311639029173626 
0.0117192762781419 0.00529425066133929 0.0311639029173626 0.951822570143156 


