4 5

0.25 0.25 0.25 0.25 

0.951779871967215 0.0112623363790624 0.00735067650611002 0.0296071151476126 
0.0112623363790624 0.951779871967215 0.0296071151476126 0.00735067650611002 
0.00735067650611002 0.0296071151476126 0.951779871967215 0.0112623363790624 
0.0296071151476126 0.00735067650611002 0.0112623363790624 0.951779871967215 

0.468354572535004 0.0324322565206437 0.0488714780333672 0.450341692910985 
0.0324322565206437 0.468354572535004 0.450341692910985 0.0488714780333672 
0.0488714780333672 0.450341692910985 0.468354572535004 0.0324322565206437 
0.450341692910985 0.0488714780333672 0.0324322565206437 0.468354572535004 

0.951810824799548 0.0263278752884405 0.00152055754070746 0.020340742371304 
0.0263278752884405 0.951810824799548 0.020340742371304 0.00152055754070746 
0.00152055754070746 0.020340742371304 0.951810824799548 0.0263278752884405 
0.020340742371304 0.00152055754070746 0.0263278752884405 0.951810824799548 

0.410083688029104 0.0905246566034455 0.122413015725301 0.37697863964215 
0.0905246566034455 0.410083688029104 0.37697863964215 0.122413015725301 
0.122413015725301 0.37697863964215 0.410083688029104 0.0905246566034455 
0.37697863964215 0.122413015725301 0.0905246566034455 0.410083688029104 

0.951829885265606 0.00893989584470614 0.00733152571724513 0.0318986931724431 
0.00893989584470614 0.951829885265606 0.0318986931724431 0.00733152571724513 
0.00733152571724513 0.0318986931724431 0.951829885265606 0.00893989584470614 
0.0318986931724431 0.00733152571724513 0.00893989584470614 0.951829885265606 


