4 5

0.25 0.25 0.25 0.25 

0.951790517924878 0.00371778124746819 0.0281990971621283 0.0162926036655259 
0.00371778124746819 0.951790517924878 0.0162926036655259 0.0281990971621283 
0.0281990971621283 0.0162926036655259 0.951790517924878 0.00371778124746819 
0.0162926036655259 0.0281990971621283 0.00371778124746819 0.951790517924878 

0.431780980234077 0.0684659214962753 0.149803373682665 0.349949724586983 
0.0684659214962753 0.431780980234077 0.349949724586983 0.149803373682665 
0.149803373682665 0.349949724586983 0.431780980234077 0.0684659214962753 
0.349949724586983 0.149803373682665 0.0684659214962753 0.431780980234077 

0.952126988938608 0.00714952242987354 1.59776504339848e-05 0.0407075109810849 
0.00714952242987354 0.952126988938608 0.0407075109810849 1.59776504339848e-05 
1.59776504339848e-05 0.0407075109810849 0.952126988938608 0.00714952242987354 
0.0407075109810849 1.59776504339848e-05 0.00714952242987354 0.952126988938608 

0.484407562308141 0.0171273651430404 0.0236434003688504 0.474821672179968 
0.0171273651430404 0.484407562308141 0.474821672179968 0.0236434003688504 
0.0236434003688504 0.474821672179968 0.484407562308141 0.0171273651430404 
0.474821672179968 0.0236434003688504 0.0171273651430404 0.484407562308141 

0.951840516796609 0.0322856006394014 0.0067808984068442 0.00909298415714566 
0.0322856006394014 0.951840516796609 0.00909298415714566 0.0067808984068442 
0.0067808984068442 0.00909298415714566 0.951840516796609 0.0322856006394014 
0.00909298415714566 0.0067808984068442 0.0322856006394014 0.951840516796609 


