4 5

0.25 0.25 0.25 0.25 

0.951891185436973 0.00286653372167775 0.0118469724288952 0.0333953084124543 
0.00286653372167775 0.951891185436973 0.0333953084124543 0.0118469724288952 
0.0118469724288952 0.0333953084124543 0.951891185436973 0.00286653372167775 
0.0333953084124543 0.0118469724288952 0.00286653372167775 0.951891185436973 

0.443126630347481 0.0570273925361955 0.270490876910755 0.229355100205568 
0.0570273925361955 0.443126630347481 0.229355100205568 0.270490876910755 
0.270490876910755 0.229355100205568 0.443126630347481 0.0570273925361955 
0.229355100205568 0.270490876910755 0.0570273925361955 0.443126630347481 

0.951664157660604 0.0151702091168646 0.0221621019118005 0.0110035313107305 
0.0151702091168646 0.951664157660604 0.0110035313107305 0.0221621019118005 
0.0221621019118005 0.0110035313107305 0.951664157660604 0.0151702091168646 
0.0110035313107305 0.0221621019118005 0.0151702091168646 0.951664157660604 

0.486812194671875 0.0133059933722862 0.33958131968293 0.160300492272909 
0.0133059933722862 0.486812194671875 0.160300492272909 0.33958131968293 
0.33958131968293 0.160300492272909 0.486812194671875 0.0133059933722862 
0.160300492272909 0.33958131968293 0.0133059933722862 0.486812194671875 

0.951782439807984 0.00655442880242507 0.0121416226204833 0.0295215087691074 
0.00655442880242507 0.951782439807984 0.0295215087691074 0.0121416226204833 
0.0121416226204833 0.0295215087691074 0.951782439807984 0.00655442880242507 
0.0295215087691074 0.0121416226204833 0.00655442880242507 0.951782439807984 


