4 5

0.25 0.25 0.25 0.25 

0.951681466897128 0.00880007468415903 0.0169657791647277 0.0225526792539856 
0.00880007468415903 0.951681466897128 0.0225526792539856 0.0169657791647277 
0.0169657791647277 0.0225526792539856 0.951681466897128 0.00880007468415903 
0.0225526792539856 0.0169657791647277 0.00880007468415903 0.951681466897128 

0.497916993646751 0.00218477963871824 0.174606572693255 0.325291654021276 
0.00218477963871824 0.497916993646751 0.325291654021276 0.174606572693255 
0.174606572693255 0.325291654021276 0.497916993646751 0.00218477963871824 
0.325291654021276 0.174606572693255 0.00218477963871824 0.497916993646751 

0.951963517389984 0.00405736151914607 0.00753191515423934 0.0364472059366308 
0.00405736151914607 0.951963517389984 0.0364472059366308 0.00753191515423934 
0.00753191515423934 0.0364472059366308 0.951963517389984 0.00405736151914607 
0.0364472059366308 0.00753191515423934 0.00405736151914607 0.951963517389984 

0.465080878675599 0.0357942170082325 0.050598223280273 0.448526681035895 
0.0357942170082325 0.465080878675599 0.448526681035895 0.050598223280273 
0.050598223280273 0.448526681035895 0.465080878675599 0.0357942170082325 
0.448526681035895 0.050598223280273 0.0357942170082325 0.465080878675599 

0.951875151661483 0.012298805179815 0.0327570694639758 0.00306897369472608 
0.012298805179815 0.951875151661483 0.00306897369472608 0.0327570694639758 
0.0327570694639758 0.00306897369472608 0.951875151661483 0.012298805179815 
0.00306897369472608 0.0327570694639758 0.012298805179815 0.951875151661483 


