4 5

0.25 0.25 0.25 0.25 

0.951874504323987 0.00967784801641164 0.00505592815919054 0.0333917195004106 
0.00967784801641164 0.951874504323987 0.0333917195004106 0.00505592815919054 
0.00505592815919054 0.0333917195004106 0.951874504323987 0.00967784801641164 
0.0333917195004106 0.00505592815919054 0.00967784801641164 0.951874504323987 

0.494425572024353 0.0057512383337012 0.0837665832044664 0.416056606437479 
0.0057512383337012 0.494425572024353 0.416056606437479 0.0837665832044664 
0.0837665832044664 0.416056606437479 0.494425572024353 0.0057512383337012 
0.416056606437479 0.0837665832044664 0.0057512383337012 0.494425572024353 

0.952100768492503 0.003571471177235 0.00392237341162882 0.0404053869186335 
0.003571471177235 0.952100768492503 0.0404053869186335 0.00392237341162882 
0.00392237341162882 0.0404053869186335 0.952100768492503 0.003571471177235 
0.0404053869186335 0.00392237341162882 0.003571471177235 0.952100768492503 

0.498244312078147 0.00261978706730134 0.0153812851215844 0.483754615732967 
0.00261978706730134 0.498244312078147 0.483754615732967 0.0153812851215844 
0.0153812851215844 0.483754615732967 0.498244312078147 0.00261978706730134 
0.483754615732967 0.0153812851215844 0.00261978706730134 0.498244312078147 

0.951996346469161 0.0374786031335495 0.00393975050623152 0.00658529989105835 
0.0374786031335495 0.951996346469161 0.00658529989105835 0.00393975050623152 
0.00393975050623152 0.00658529989105835 0.951996346469161 0.0374786031335495 
0.00658529989105835 0.00393975050623152 0.0374786031335495 0.951996346469161 


