3363.33002451895299600437
4269.49447496792618039763
3300.45947127028966860962
4193.57741754286780633265
3588.99668219258091994561
3149.49125625812712314655
4031.30926885463259168318
3156.18034758881412926712
3910.44877858966765415971
3224.29160167292320693377
3608.55392876635733045987
4197.67726537678754539229
3284.56977535786518274108
3334.09485012422192085069
3477.98877395859744865447
2721.85014227291458155378
3803.99213389899523463100
3453.72667689972968219081
3862.04042721676114524598
3668.52816287752784774057
3761.31326191687321625068
4133.93809739704738603905
2806.96712751983568523428
3751.98376297500090004178
3586.18263785351382466615
3762.01576340802694176091
4344.16180814173003454925
3811.20125076411750342231
3725.50292737211566418409
3720.50927073239790843218
4278.90204054695914237527
3580.84838058928107784595
3947.44311732988762742025
3645.64717412911249994067
3525.39549021737775547081
3392.18769832273665087996
3746.59637025475331029156
4066.84303885550025370321
4001.85182144768123180256
3185.03475589839035819750
2934.21806281323233633884
3383.16259053342992046964
3607.04958840347217119415
3957.43180636138731642859
3895.72981459930406344938
3430.35110843742722863681
3447.22738603661582601489
3428.34070861682130271220
3844.95697206814520541229
3528.19635445620770042296
3758.96017017820031469455
3586.99211837028133231797
3733.83177102024910709588
3805.83258688293972227257
3772.88166965923119278159
3622.60110886468464741483
3995.52668003120925277472
3589.18152084730218120967
4116.57437970945011329604
3231.63293756162238423713
3902.05541887724530170090
3649.61626789139472748502
3900.10441002861034576199
3589.97512458995470296941
3661.86535270139029307757
2821.90564567365072434768
3747.90112158629654004471
3666.20179694996795660700
4031.85271324311224816483
3828.79952857380294517498
3214.42246728446752968011
3837.52119080426655273186
4031.25850340679335204186
3221.13634519415109025431
3417.65902861638642207254
3620.79249941679836410913
3973.35997996851301650167
3878.01366776441227557370
3599.36133227341588280979
3805.40956021293550293194
3822.46371774414274113951
3924.75434082166293592309
3969.71882578378563266597
4021.45316014335730869789
3296.21086425333851366304
3723.30950933372196232085
3567.51206908502035730635
3878.84909579557097458746
3540.18100174589062589803
3513.19895791780390936765
4088.97745877234865474747
3296.01744771676703749108
3790.16023614875120983925
3434.22499460211884070304
3473.95782946542158242664
3393.44349633151705347700
3918.01177986310449341545
3250.86373301013509262702
3877.07450900549656580552
3724.83230222684051113902
