9868.65714873121396522038
9225.16110426707928127144
10160.22241758912969089579
9971.57791766975606151391
10452.06767506777941889595
10171.29934000131106586196
9839.57188392269199539442
9990.70074181163363391533
10580.48094142165246012155
9700.90416872743298881687
10214.34873127090577327181
10005.35029068645781080704
9451.61027937535982346162
10270.14432959932491939981
9050.12613633508772181813
10530.50617032027184905019
10384.13770238267170498148
9711.94923998564991052262
10117.39129958318153512664
9841.99143398658816295210
8591.71823189208407711703
9952.94957763146521756425
9897.19728506501814990770
10037.45511522546075866558
9821.62902204251076909713
10434.71951799160706286784
10573.31143527843960328028
9920.01189041184989036992
9074.35080891910911304876
9678.39777296379543258809
10182.50045458000204234850
10432.18273011052951915190
9625.61940299724301439710
10267.07909684429978369735
10099.70290895338439440820
9954.09993758504424476996
9974.68647821848571766168
10124.99137246960708580445
10323.96119634567730827257
10210.14375403857411583886
10266.83620779900775232818
10070.98008165092687704600
10147.01100160487112589180
10024.53891752417985117063
10272.06178986015947884880
9536.59977786312811076641
10110.44726664665176940616
10078.49887949530057085212
10168.02465675407984235790
9766.34287408347336167935
9562.12698872109103831463
10334.89266219869023188949
9969.99935589269443880767
10106.77715474246724625118
9661.29028885425213957205
10233.10489758562107454054
9772.85440716226548829582
9842.69434843902672582772
10205.91187564907522755675
9718.36507649333543668035
10130.97488830978909390979
9515.67551699074283533264
10050.30179730510462832171
10234.44101727630550158210
9989.35643358319612161722
9112.24008788087121502031
9550.65840313433545816224
9478.31067056936080916785
9517.79963693210811470635
10287.04834160098653228488
9864.81868952192962751724
9985.39673382506407506298
10232.22455954560246027540
9844.29567415152450848836
9834.93979259147454285994
10013.85356198014596884605
9655.76551764763826213311
9639.32792481737305934075
9833.09032283635860949289
10397.01089797703389194794
10072.48189420909511682112
9973.03012846577985328622
10400.38450946356169879436
10405.40999718449893407524
9799.27881509307735541370
9708.10045345832986640744
10212.25984023326600436121
10191.23051864644003217109
9676.70592771728115621954
10350.32302201719721779227
10407.10049470835110696498
9866.56317426282112137415
9756.98964882496147765778
9934.78799469504156149924
10467.58063510810279694851
9670.74847018427499278914
9653.82879542468799627386
9762.88374181332437728997
9142.17290661702645593323
9954.33834207365907786880
