3338.81740558978
4245.71239640322
3295.5137368189
4023.89387684237
3592.176592438
3141.58486883918
3987.79040278423
3159.30244270673
3914.89854244906
3201.48680163333
3558.43987286699
3797.55231060908
3291.01760161431
3296.71131820642
3459.26128142945
2707.95958082696
3753.47718348539
3460.84801838902
3816.95747682948
3652.10500502192
3707.68429216654
4112.89538097917
2798.43470847385
3718.13595779543
3478.59850708037
3722.98789795614
4116.38754179136
3767.09832310426
3735.86510168618
3668.08786802727
4227.64339015964
3522.99508336474
3799.09845092261
3633.81208373864
3473.68158826436
3358.26749763859
3727.89127790383
4041.1149293775
4002.83265746406
3185.85456888602
2950.43318969202
3389.89644069141
3594.5832878251
3956.87453729599
3810.24948355707
3431.69681856478
3416.73149425462
3415.51117693134
3810.34280112045
3503.30954267544
3732.27971815149
3556.83693498955
3729.08309989594
3727.80839178001
3766.34775111767
3550.34305072072
3915.16342069851
3585.82237915407
4074.94408481931
3243.31574408697
3826.45928999915
3636.91197503006
3871.13419122407
3568.29611135481
3640.7660072038
2816.36303163758
3730.32611302588
3624.88063062989
4008.10161143817
3752.15496811978
3205.17917802038
3788.32687264614
3976.80989518511
3230.84754478336
3354.00236382185
3530.03507009368
3857.67868416966
3800.30399947434
3523.19856284252
3792.60853696978
3775.45127291374
3874.93407889407
3949.11896346397
3998.42602734098
3271.13041783527
3690.96848150387
3549.96348093354
3814.02571415875
3524.03217135764
3499.92491343636
3993.97705348343
3292.37043357404
3779.97886727147
3400.06506432325
3472.27246797031
3364.95000223409
3909.20506627238
3243.91735590631
3843.48941395647
3709.68649347503
