3107.94093745524
3176.46760978062
2810.55312324282
3641.66278608502
2669.37379137862
3643.09915757382
3542.27750726336
3297.08231058847
4084.60244667839
3506.50111299423
4000.22881747855
3645.38853782757
3591.65695662517
3531.88930945338
3758.42756566114
3344.66832468842
3722.60190525458
3043.77492785934
3486.95521323969
3604.02193255915
3250.02312547935
3551.40928924991
3836.17690051108
4068.97525617846
3564.09040753018
3270.27346656608
4192.72489310377
3592.61031975657
2483.59503545683
3517.91931873534
3629.58205923701
3284.63593541707
3435.96120130374
3255.6749934898
3638.22919298787
4329.97627142042
3313.36627305516
3377.36536846606
3506.7214758566
3474.55994059161
3286.78277190634
4015.04978210363
3100.10481642165
3551.24615076133
3054.63221793071
4006.59925984165
3540.62650472777
3938.22720303091
3415.64990929566
3649.93693855914
3717.92687889134
3464.33478974144
3637.7574064211
3470.76440703194
3981.86150185315
3371.49508841016
3775.27444794568
3843.38946720514
3456.43105360732
3992.52812958287
3491.32780087736
3185.82308709926
3626.47117031065
2837.02205019344
4062.58958480739
3617.19451319437
3546.32782965081
3974.23806459025
4063.9362475804
3505.35208126531
3650.18377457408
3745.86263234497
3546.16070292604
3618.36513379826
3694.98064052182
4125.74326919592
3680.50174943599
3442.40305046685
3602.74691158611
3321.6919896808
3213.38779513523
3706.92716381032
4005.27459277896
4025.65102623195
3532.20831346919
3487.51626779429
3408.71154294205
4051.07562565337
3618.12771840701
3751.58895620784
3705.4092862086
3458.40180637713
3723.66707881707
3863.56894631263
3637.58796396992
3386.48514273712
3244.53958488641
3172.73586807541
2737.32024082873
3603.4378024561
