3118.35006000277326165815
3166.33038132895126182120
2818.51011251253521550098
3633.82216987870242519421
2656.83248188280776957981
3688.52737812032046349486
3537.39365659643681283342
3315.53208743803224933799
4104.81711461050781508675
3565.46975658108704010374
4029.29408968155848924653
3691.74809482585988007486
3607.91450778854186864919
3529.45112916741436492885
3755.22897785650729929330
3336.86451287284990030457
3788.32171560496453821543
3041.04408581770167074865
3490.01026057432318339124
3648.05560227473324630409
3266.09559902528735619853
3573.95173233044442895334
3852.60493813926359507605
4097.80497750452195759863
3560.63621825371956219897
3267.40727364438316726591
4225.83931329326242121169
3716.78526313743441278348
2512.27122988332757813623
3574.92266755725722759962
3653.10388555043618907803
3292.03344057305912429001
3430.59159915658801764948
3442.97934402040709755966
3691.47060563899913177011
4358.09775770203395950375
3364.09185337483404509840
3364.44351951372846087907
3518.98222171161751248292
3498.92765125152618566062
3327.51890215998719213530
4063.61439915531809674576
3116.91136860445976708434
3554.67936910012713269680
3151.50527314789133015438
4031.64887972571386853815
3597.51327137747102824505
3942.13995654347536401474
3422.24327285519757424481
3740.20778940343052454409
3727.31795228124701679917
3485.43568556546824765974
3691.62104515604414700647
3468.10095277405025626649
4002.48669910750913913944
3404.66295170157673055655
3796.59204041510975002893
3896.72547513388963125180
3514.62010108728873092332
4019.02447033880525850691
3702.24091132373359869234
3188.36642499196750577539
3623.50717088169858470792
2831.35633287917789857602
4092.45442704552851864719
3808.13498448800874029985
3589.10550088860691175796
4050.31255581943059951300
4066.99534568014587421203
3514.91864766903972849832
3668.07740384653470755438
3781.52146443398123665247
3563.86836269197056026314
3689.37901728011638624594
3756.73014440929819102166
4129.71772088841044023866
3715.59599855919532274129
3445.88335317427754489472
3618.26621084065527611529
3375.67644510893251208472
3213.93564049204360344447
3779.31366553683392339735
4059.00457469377124652965
4046.93420387956302874954
3538.44965012848388141720
3508.58129818865063498379
3418.89795970240356837166
4127.98386538499562448123
3628.15228637843256365159
3751.25364467133204016136
3734.52796393787775741657
3485.08072344260699537699
3733.04023090833834430669
3872.17679816387135360856
3647.37488254373647578177
3413.72284495683197746985
3245.48479624179253733018
3161.98318507548674460850
2734.80325465678379259771
3608.48063260420167353004
