0.153778
0.178568
0.037687
0.632369
0.424501
0.597825
0.110737
0.09284
0.136742
0.022499
0.041181
0.087707
0.571032
0.325726
0.042564
0.026854
0.063765
0.104303
0.160822
0.323504
0.033489
0.062563
0.026569
0.07537
0.012928
0.040929
1.513173
0.050332
0.112865
0.085547
0.03732
0.084264
0.280509
0.414452
0.101522
0.292269
0.150973
0.038138
0.271518
0.096468
0.27666
0.819629
0.680293
0.381414
0.151648
0.058217
0.077832
0.11384
0.055418
0.080855
0.08278
0.023133
0.061712
0.023238
0.141609
0.188639
0.17712
0.129294
0.131831
0.293678
0.014917
0.558831
0.03479
0.049396
0.099446
0.322671
0.277884
0.604811
0.035141
0.01862
0.050573
0.182309
0.178955
0.217274
0.013153
0.0189
0.221192
0.131592
0.033274
0.039318
0.066154
0.012852
0.141305
0.038025
0.225596
0.127483
0.158639
0.090852
0.08603
0.030067
0.040984
0.103204
0.16308
0.048975
0.103546
0.112339
0.155739
0.127864
0.055674
0.076329
