0.071608
0.096739
0.021059
0.095344
0.233313
0.070575
0.038048
0.050844
0.059936
0.011977
0.028603
0.033509
0.046666
0.078461
0.052879
0.254102
0.025151
0.657757
0.020496
0.131604
0.145557
0.155336
0.080864
0.398138
0.063344
0.090783
0.034664
0.06904
0.016983
0.027397
0.037003
0.076903
0.119593
0.040174
0.051493
0.086129
0.026015
0.166912
0.060457
0.048643
0.213559
0.121221
0.321537
0.117132
0.068741
0.040221
0.030227
0.130967
0.42781
0.10453
0.34484
0.142654
0.053557
0.193447
0.058578
0.235263
0.130956
0.029563
0.07324
0.029602
0.081169
0.098015
0.236987
0.11477
0.065033
0.063667
0.055869
0.047859
0.040989
0.062307
0.110565
0.09037
0.068786
0.550548
0.023202
0.183892
0.023793
0.033939
0.10397
0.041771
0.053876
0.059677
0.047949
0.192466
0.925767
0.091592
0.030864
0.011588
0.040296
0.044283
0.016717
0.103932
0.031027
0.357759
0.309496
0.062751
0.037284
0.230979
0.049313
0.065867
